# Step NumNew Radius InverseSuccessRatio JumpsPerParticle SecPerParticle TotalRunTime
10 10 0.0323563 0.9 1.54877e+08 4.9e-06 4.9e-05
20 10 0.0496349 1.1 14.1 3.4e-06 8.3e-05
30 10 0.0694444 1.1 11.8 3.4e-06 0.000117
40 10 0.0841649 1 7.3 2.1e-06 0.000138
50 10 0.0894984 1.1 16.6 4.1e-06 0.000179
60 10 0.094648 1 10.8 4.1e-06 0.00022
70 10 0.108874 1 8.8 4e-06 0.00026
80 10 0.115766 1.1 10.5 3.4e-06 0.000294
90 10 0.12417 1.1 12.2 3.9e-06 0.000333
100 10 0.141825 1 8.7 4.6e-06 0.000379
110 10 0.151195 1 11.3 4e-06 0.000419
120 10 0.151195 1.1 10.2 4.1e-06 0.00046
130 10 0.160342 1.2 16 5.6e-06 0.000516
140 10 0.176281 1 12.3 4.6e-06 0.000562
150 10 0.185531 1.4 20.8 9.4e-06 0.000656
160 10 0.185531 1.2 18.1 7.4e-06 0.00073
170 10 0.185531 1.1 13.9 5.9e-06 0.000789
180 10 0.191021 1 9.4 3.9e-06 0.000828
190 10 0.196454 1.1 19.5 7.3e-06 0.000901
200 10 0.196454 1.1 16.9 6.8e-06 0.000969
210 10 0.196454 1.1 14.4 5.6e-06 0.001025
220 10 0.204021 1 12.5 5.5e-06 0.00108
230 10 0.213225 1 12.7 5.6e-06 0.001136
240 10 0.223188 1.1 19.9 8e-06 0.001216
250 10 0.234526 1.3 17 9.9e-06 0.001315
260 10 0.23902 1 13.4 6e-06 0.001375
270 10 0.247995 1.1 15.3 7.5e-06 0.00145
280 10 0.262861 1 9.1 4.6e-06 0.001496
290 10 0.262861 1.2 21.4 8.9e-06 0.001585
300 10 0.270313 1.1 16.6 7.8e-06 0.001663
310 10 0.270313 1.3 21 1e-05 0.001763
320 10 0.278431 1 15.6 7e-06 0.001833
330 10 0.296636 1 17.6 7.8e-06 0.001911
340 10 0.296636 1 15.5 7.5e-06 0.001986
350 10 0.296636 1.2 19.6 9.2e-06 0.002078
360 10 0.296636 1 18.1 8.1e-06 0.002159
370 10 0.296636 1.1 21 1.06e-05 0.002265
380 10 0.296636 1.2 22 1.05e-05 0.00237
390 10 0.301591 1 16.5 7.8e-06 0.002448
400 10 0.301591 1.1 18.4 9.3e-06 0.002541
410 10 0.302288 1.1 9.8 9.2e-06 0.002633
420 10 0.317759 1 17 8.3e-06 0.002716
430 10 0.317759 1 10.1 6e-06 0.002776
440 10 0.335411 1.1 10.9 8e-06 0.002856
450 10 0.335411 1 16.3 8e-06 0.002936
460 10 0.343223 1.2 12.2 8.2e-06 0.003018
470 10 0.343223 1 15 1.16e-05 0.003134
480 10 0.357073 1 19.5 1.26e-05 0.00326
490 10 0.357073 1 15.7 9.2e-06 0.003352
500 10 0.357073 1 12.1 8.8e-06 0.00344
510 10 0.357073 1 13.2 8e-06 0.00352
520 10 0.357073 1 15.1 1.05e-05 0.003625
530 10 0.357073 1.1 12.9 8.2e-06 0.003707
540 10 0.357073 1 15.1 8.8e-06 0.003795
550 10 0.357073 1.1 14 9.1e-06 0.003886
560 10 0.36373 1 8.5 6.3e-06 0.003949
570 10 0.368546 1.1 12 7.8e-06 0.004027
580 10 0.378004 1.1 12.2 8.6e-06 0.004113
590 10 0.387045 1.2 17 1.35e-05 0.004248
600 10 0.387045 1.1 21.6 1.45e-05 0.004393
610 10 0.393847 1 10.7 6.6e-06 0.004459
620 10 0.402921 1.1 13.6 8.4e-06 0.004543
630 10 0.402921 1 7.3 6e-06 0.004603
640 10 0.402921 1 8.5 7.9e-06 0.004682
650 10 0.402921 1 11.1 8.6e-06 0.004768
660 10 0.406299 1.5 24.6 2.16e-05 0.004984
670 10 0.410255 1.1 17.1 1.15e-05 0.005099
680 10 0.419062 1.1 20.4 9.8e-06 0.005197
690 10 0.419062 1.2 20.8 1.31e-05 0.005328
700 10 0.419062 1 11.8 8.2e-06 0.00541
710 10 0.419062 1.1 14.9 1e-05 0.00551
720 10 0.423067 1 21.2 1.07e-05 0.005617
730 10 0.423067 1 9.6 6e-06 0.005677
740 10 0.423067 1 14.7 7.2e-06 0.005749
750 10 0.423067 1.4 25.8 1.68e-05 0.005917
760 10 0.425721 1 14.2 7.8e-06 0.005995
770 10 0.425721 1.1 15.1 8.7e-06 0.006082
780 10 0.425721 1 19.5 1.01e-05 0.006183
790 10 0.425721 1 15.9 8.4e-06 0.006267
800 10 0.429016 1 9.6 6e-06 0.006327
810 10 0.43379 1.1 18.2 1.21e-05 0.006448
820 10 0.43379 1 12.4 7.2e-06 0.00652
830 10 0.43379 1 13.8 8.3e-06 0.006603
840 10 0.43785 1.2 15.8 1.18e-05 0.006721
850 10 0.442806 1 13.2 8.1e-06 0.006802
860 10 0.452147 1 16.4 8.7e-06 0.006889
870 10 0.458448 1.1 21.3 1.17e-05 0.007006
880 10 0.460476 1.1 11.5 9.1e-06 0.007097
890 10 0.465065 1 10.2 7.6e-06 0.007173
900 10 0.465065 1.2 18 1.37e-05 0.00731
910 10 0.465065 1 17.7 1.14e-05 0.007424
920 10 0.465065 1.3 23.7 1.72e-05 0.007596
930 10 0.484658 1.1 9.9 1.01e-05 0.007697
940 10 0.484658 1 17.6 1.03e-05 0.0078
950 10 0.484658 1 14.8 1.05e-05 0.007905
960 10 0.484658 1 16.2 1.1e-05 0.008015
970 10 0.484658 1.1 14.5 1.06e-05 0.008121
980 10 0.484658 1.1 18.8 1.49e-05 0.00827
990 10 0.493206 1 12.4 1.11e-05 0.008381
1000 10 0.498947 1.1 14.3 1.56e-05 0.008537
1010 10 0.507485 1.1 14.5 1.18e-05 0.008655
1020 10 0.507485 1.1 11.2 1.45e-05 0.0088
1030 10 0.507485 1 13 1.03e-05 0.008903
1040 10 0.507485 1 12.7 1.06e-05 0.009009
1050 10 0.507485 1 13.2 1e-05 0.009109
1060 10 0.507485 1 11.9 8.3e-06 0.009192
1070 10 0.517293 1.3 20.7 1.59e-05 0.009351
1080 10 0.517293 1 19.9 1.4e-05 0.009491
1090 10 0.517293 1 12.9 9.1e-06 0.009582
1100 10 0.518146 1 15.2 9.4e-06 0.009676
1110 10 0.526973 1.1 12.6 1.12e-05 0.009788
1120 10 0.526973 1.1 13 1.22e-05 0.00991
1130 10 0.526973 1.1 20.2 1.56e-05 0.010066
1140 10 0.534815 1.1 11 1.04e-05 0.01017
1150 10 0.54783 1 13.5 9.1e-06 0.010261
1160 10 0.54783 1.1 15 1.36e-05 0.010397
1170 10 0.54783 1 14.6 1.1e-05 0.010507
1180 10 0.550756 1.1 13.8 1.04e-05 0.010611
1190 10 0.55746 1 8.3 9.7e-06 0.010708
1200 10 0.55746 1.7 26.2 2.99e-05 0.011007
1210 10 0.55746 1 18.2 1.07e-05 0.011114
1220 10 0.565995 1 16 9.8e-06 0.011212
1230 10 0.565995 1 11.8 8.6e-06 0.011298
1240 10 0.565995 1.2 18.7 1.86e-05 0.011484
1250 10 0.565995 1.1 16.6 1.24e-05 0.011608
1260 10 0.565995 1.1 17.7 1.28e-05 0.011736
1270 10 0.565995 1.1 16.1 1.18e-05 0.011854
1280 10 0.565995 1 18.3 1.11e-05 0.011965
1290 10 0.569919 1.1 12.3 1.18e-05 0.012083
1300 10 0.57519 1.2 14.8 1.55e-05 0.012238
1310 10 0.57519 1.1 14.5 1.13e-05 0.012351
1320 10 0.57519 1 12.4 1.01e-05 0.012452
1330 10 0.57519 1 18.1 1.4e-05 0.012592
1340 10 0.57519 1.2 15 1.61e-05 0.012753
1350 10 0.57519 1 16.2 1.44e-05 0.012897
1360 10 0.582644 1 11.6 8.3e-06 0.01298
1370 10 0.590564 1.1 17.8 1.39e-05 0.013119
1380 10 0.597234 1.1 18 1.85e-05 0.013304
1390 10 0.597234 1 18.8 1.09e-05 0.013413
1400 10 0.606257 1.3 26 2.36e-05 0.013649
1410 10 0.614601 1 14.8 1.06e-05 0.013755
1420 10 0.614601 1.1 16.6 1.84e-05 0.013939
1430 10 0.622678 1.1 16.2 1.25e-05 0.014064
1440 10 0.632048 1.1 14.5 1.33e-05 0.014197
1450 10 0.636822 1 23 1.31e-05 0.014328
1460 10 0.643854 1.2 19.3 1.83e-05 0.014511
1470 10 0.654022 1.2 17 1.86e-05 0.014697
1480 10 0.654022 1.1 15.5 1.71e-05 0.014868
1490 10 0.654022 1.1 16.6 1.49e-05 0.015017
1500 10 0.654022 1 9.9 1e-05 0.015117
1510 10 0.662958 1.2 21.4 1.93e-05 0.01531
1520 10 0.662958 1 24.4 1.36e-05 0.015446
1530 10 0.66742 1 17.9 1.5e-05 0.015596
1540 10 0.66742 1.1 12.9 1.67e-05 0.015763
1550 10 0.66742 1 9.5 1e-05 0.015863
1560 10 0.66742 1.3 17.5 1.96e-05 0.016059
1570 10 0.66742 1.1 15.5 1.36e-05 0.016195
1580 10 0.66742 1.1 14.6 1.56e-05 0.016351
1590 10 0.676448 1.1 22.7 2.19e-05 0.01657
1600 10 0.680708 1 11.8 1.18e-05 0.016688
1610 10 0.688538 1.1 16.1 1.73e-05 0.016861
1620 10 0.688538 1.1 17.6 1.55e-05 0.017016
1630 10 0.688538 1.2 15.8 1.73e-05 0.017189
1640 10 0.696047 1 14.9 1.19e-05 0.017308
1650 10 0.696047 1.2 19.5 1.94e-05 0.017502
1660 10 0.696047 1 13.8 1.32e-05 0.017634
1670 10 0.696047 1 14.7 1.6e-05 0.017794
1680 10 0.716898 1.1 21.7 1.7e-05 0.017964
1690 10 0.716898 1.1 16.8 1.72e-05 0.018136
1700 10 0.716898 1 16.7 2.34e-05 0.01837
1710 10 0.7234 1.4 19.5 2.39e-05 0.018609
1720 10 0.7234 1.3 18.1 2.63e-05 0.018872
1730 10 0.7234 1.1 16.8 2.19e-05 0.019091
1740 10 0.7234 1.1 18.1 1.66e-05 0.019257
1750 10 0.7234 1 12.8 1.54e-05 0.019411
1760 10 0.7234 1.3 21.5 3.28e-05 0.019739
1770 10 0.7234 1.1 19.3 1.56e-05 0.019895
1780 10 0.730734 1.2 15.9 1.96e-05 0.020091
1790 10 0.730734 1.1 20.7 2.41e-05 0.020332
1800 10 0.730734 1 15.5 1.74e-05 0.020506
1810 10 0.730734 1 14.6 1.19e-05 0.020625
1820 10 0.730734 1.1 14.5 1.7e-05 0.020795
1830 10 0.730734 1 14.3 1.5e-05 0.020945
1840 10 0.730734 1.1 16 1.73e-05 0.021118
1850 10 0.730734 1 12.1 1.49e-05 0.021267
1860 10 0.730734 1 10.8 1.26e-05 0.021393
1870 10 0.734157 1.2 18.5 2.08e-05 0.021601
1880 10 0.734157 1 18 1.51e-05 0.021752
1890 10 0.734157 1.1 21.6 1.88e-05 0.02194
1900 10 0.736386 1 14.4 1.3e-05 0.02207
1910 10 0.736386 1.1 14.4 1.79e-05 0.022249
1920 10 0.736386 1.2 17 2.28e-05 0.022477
1930 10 0.736386 1.1 13.7 1.84e-05 0.022661
1940 10 0.745741 1.1 13.2 1.24e-05 0.022785
1950 10 0.745741 1.1 16.6 2.01e-05 0.022986
1960 10 0.745741 1.1 17.4 1.73e-05 0.023159
1970 10 0.745741 1.1 15.4 1.51e-05 0.02331
1980 10 0.748425 1 9.4 1.13e-05 0.023423
1990 10 0.748425 1 16.5 1.64e-05 0.023587
2000 10 0.748425 1.2 20.3 2.8e-05 0.023867
2010 10 0.756455 1.1 19.7 1.69e-05 0.024036
2020 10 0.756455 1.1 19.3 2.31e-05 0.024267
2030 10 0.76408 1 17.8 1.83e-05 0.02445
2040 10 0.76408 1.2 17.1 1.9e-05 0.02464
2050 10 0.76408 1 14.2 1.2e-05 0.02476
2060 10 0.76408 1 14.7 1.19e-05 0.024879
2070 10 0.76408 1.2 17.2 1.91e-05 0.02507
2080 10 0.76408 1 15.2 1.69e-05 0.025239
2090 10 0.77347 1 15.7 1.49e-05 0.025388
2100 10 0.775858 1.3 18.6 2.47e-05 0.025635
2110 10 0.782862 1 16.1 1.41e-05 0.025776
2120 10 0.782862 1.1 14.4 1.61e-05 0.025937
2130 10 0.782862 1 17 2.22e-05 0.026159
2140 10 0.782862 1.1 26.6 2.31e-05 0.02639
2150 10 0.782862 1.1 15.8 2.03e-05 0.026593
2160 10 0.782862 1 14 1.87e-05 0.02678
2170 10 0.782862 1 13.4 1.31e-05 0.026911
2180 10 0.782862 1.1 24.8 1.97e-05 0.027108
2190 10 0.782862 1 13.9 1.66e-05 0.027274
2200 10 0.782862 1 14.4 1.46e-05 0.02742
2210 10 0.782862 1.1 19.7 2.13e-05 0.027633
2220 10 0.791484 1 19.4 1.65e-05 0.027798
2230 10 0.791484 1.1 16.1 2.41e-05 0.028039
2240 10 0.806304 1.1 13.5 1.88e-05 0.028227
2250 10 0.806304 1.2 26.1 2.19e-05 0.028446
2260 10 0.813349 1.2 20.2 2.26e-05 0.028672
2270 10 0.813349 1.1 11.9 1.6e-05 0.028832
2280 10 0.820677 1.1 11.5 1.65e-05 0.028997
2290 10 0.820677 1.1 15.1 1.96e-05 0.029193
2300 10 0.820677 1.2 17.9 2.02e-05 0.029395
2310 10 0.820677 1.2 21.6 2.53e-05 0.029648
2320 10 0.820677 1.2 15.3 2.46e-05 0.029894
2330 10 0.820677 1 19.8 1.92e-05 0.030086
2340 10 0.820677 1 15.4 1.74e-05 0.03026
2350 10 0.820677 1.1 13.8 2.02e-05 0.030462
2360 10 0.820677 1.2 21.1 3.72e-05 0.030834
2370 10 0.820677 1 12.7 1.55e-05 0.030989
2380 10 0.820677 1 13.5 1.79e-05 0.031168
2390 10 0.820677 1.1 16.9 1.84e-05 0.031352
2400 10 0.831289 1 12.2 1.34e-05 0.031486
2410 10 0.831289 1 12.7 1.53e-05 0.031639
2420 10 0.831289 1 16.8 2.08e-05 0.031847
2430 10 0.831289 1.2 17.8 2.33e-05 0.03208
2440 10 0.831289 1 15.4 1.43e-05 0.032223
2450 10 0.838671 1.1 17.4 2.93e-05 0.032516
2460 10 0.838671 1.1 18.9 2.01e-05 0.032717
2470 10 0.846375 1 17.2 1.85e-05 0.032902
2480 10 0.846375 1 10.9 1.26e-05 0.033028
2490 10 0.846375 1 19.3 2.53e-05 0.033281
2500 10 0.846375 1.1 17.4 2.35e-05 0.033516
2510 10 0.846375 1.2 19.3 2.74e-05 0.03379
2520 10 0.846375 1 21.9 1.59e-05 0.033949
2530 10 0.846375 1 17.7 2.05e-05 0.034154
2540 10 0.853593 1.2 26.6 3.73e-05 0.034527
2550 10 0.853593 1 15.8 1.79e-05 0.034706
2560 10 0.853593 1.1 16.7 2e-05 0.034906
2570 10 0.853593 1.1 18.2 2.28e-05 0.035134
2580 10 0.853593 1 16.3 1.61e-05 0.035295
2590 10 0.853593 1 17.6 1.92e-05 0.035487
2600 10 0.853593 1.1 14.6 2.1e-05 0.035697
2610 10 0.853593 1 20.9 2.18e-05 0.035915
2620 10 0.853593 1.1 20.2 2.28e-05 0.036143
2630 10 0.853593 1.1 14.4 1.99e-05 0.036342
2640 10 0.855063 1 13.6 1.49e-05 0.036491
2650 10 0.855063 1 16.3 2.19e-05 0.03671
2660 10 0.855063 1.2 16.3 2.49e-05 0.036959
2670 10 0.867527 1.1 15.5 2.46e-05 0.037205
2680 10 0.876989 1 15.8 1.59e-05 0.037364
2690 10 0.876989 1.2 21.7 3.23e-05 0.037687
2700 10 0.876989 1 15.2 1.66e-05 0.037853
2710 10 0.876989 1.1 14.8 2.37e-05 0.03809
2720 10 0.876989 1 11.6 1.65e-05 0.038255
2730 10 0.883705 1 13 1.73e-05 0.038428
2740 10 0.883705 1.1 19 2.49e-05 0.038677
2750 10 0.883705 1.2 22.2 3.18e-05 0.038995
2760 10 0.889417 1.1 14.4 2.55e-05 0.03925
2770 10 0.889417 1.2 16.8 2.38e-05 0.039488
2780 10 0.889417 1 20.7 3.9e-05 0.039878
2790 10 0.889417 1 15.9 2.43e-05 0.040121
2800 10 0.904248 1.2 22.1 3.65e-05 0.040486
2810 10 0.904248 1.1 10.1 3.81e-05 0.040867
2820 10 0.904248 1 18.6 2.34e-05 0.041101
2830 10 0.904248 1.2 21.7 3.03e-05 0.041404
2840 10 0.904248 1.1 16.8 2.53e-05 0.041657
2850 10 0.904248 1 11.2 1.66e-05 0.041823
2860 10 0.904248 1 12 1.82e-05 0.042005
2870 10 0.913066 1.1 22 2.36e-05 0.042241
2880 10 0.920745 1.1 13.9 2.08e-05 0.042449
2890 10 0.920745 1.2 16.6 2.61e-05 0.04271
2900 10 0.926378 1.2 22.6 2.96e-05 0.043006
2910 10 0.926378 1.1 13.8 2.7e-05 0.043276
2920 10 0.935564 1.1 19.1 2.83e-05 0.043559
2930 10 0.935564 1.1 13.5 2.52e-05 0.043811
2940 10 0.935564 1 12.8 1.67e-05 0.043978
2950 10 0.935564 1 13.6 1.68e-05 0.044146
2960 10 0.935564 1.1 32.2 4.96e-05 0.044642
2970 10 0.943678 1.1 12.2 2.35e-05 0.044877
2980 10 0.943678 1.1 16 2.48e-05 0.045125
2990 10 0.943678 1 15.1 2.21e-05 0.045346
3000 10 0.943678 1.2 17.8 2.68e-05 0.045614
3010 10 0.952562 1 11.6 1.81e-05 0.045795
3020 10 0.961557 1 11.8 2.03e-05 0.045998
3030 10 0.961557 1 13.9 1.81e-05 0.046179
3040 10 0.969118 1.1 18.4 3.82e-05 0.046561
3050 10 0.969118 1 13.4 2.36e-05 0.046797
3060 10 0.969118 1 13.9 1.82e-05 0.046979
3070 10 0.969118 1.1 22 2.49e-05 0.047228
3080 10 0.969118 1.1 16 2.54e-05 0.047482
3090 10 0.973722 1.1 17.8 3.48e-05 0.04783
3100 10 0.973722 1 15.8 2.34e-05 0.048064
3110 10 0.973722 1.1 15.6 2.99e-05 0.048363
3120 10 0.982843 1.1 15 2.34e-05 0.048597
3130 10 0.982843 1 14.1 2.28e-05 0.048825
3140 10 0.988994 1 15 2.03e-05 0.049028
3150 10 0.988994 1.2 28.8 3.08e-05 0.049336
3160 10 0.988994 1.1 15.8 2.41e-05 0.049577
3170 10 0.988994 1.1 18.7 2.6e-05 0.049837
3180 10 0.988994 1.2 12.8 2.89e-05 0.050126
3190 10 0.996867 1.1 17.8 3.25e-05 0.050451
3200 10 0.996867 1.2 20.7 3.76e-05 0.050827
3210 10 1.00459 1.1 19.2 2.51e-05 0.051078
3220 10 1.00459 1.2 17.5 2.49e-05 0.051327
3230 10 1.00459 1.1 19.6 3.65e-05 0.051692
3240 10 1.00459 1.2 19.9 4.1e-05 0.052102
3250 10 1.00459 1.1 15.8 2.75e-05 0.052377
3260 10 1.00459 1.2 16.9 3.13e-05 0.05269
3270 10 1.00459 1.2 21.1 2.86e-05 0.052976
3280 10 1.00459 1.1 24 3.85e-05 0.053361
3290 10 1.02136 1 18.1 1.96e-05 0.053557
3300 10 1.02136 1.1 14.4 2.24e-05 0.053781
3310 10 1.02136 1 20.7 2.48e-05 0.054029
3320 10 1.03208 1 11.7 1.6e-05 0.054189
3330 10 1.03574 1.1 22.8 2.78e-05 0.054467
3340 10 1.03574 1 16.5 2.58e-05 0.054725
3350 10 1.03574 1 13.4 2.49e-05 0.054974
3360 10 1.03574 1 8.8 1.34e-05 0.055108
3370 10 1.03574 1.2 16.2 3.74e-05 0.055482
3380 10 1.03574 1 13.8 1.98e-05 0.05568
3390 10 1.04151 1.1 13 2.88e-05 0.055968
3400 10 1.04151 1.1 14.5 2.93e-05 0.056261
3410 10 1.04151 1.3 19.3 3.53e-05 0.056614
3420 10 1.04151 1.1 17.2 2.8e-05 0.056894
3430 10 1.04989 1 15.2 2.03e-05 0.057097
3440 10 1.04989 1.3 20 3.91e-05 0.057488
3450 10 1.05909 1 15.7 2.66e-05 0.057754
3460 10 1.05909 1.5 21.6 4.04e-05 0.058158
3470 10 1.05909 1 10.1 1.92e-05 0.05835
3480 10 1.05909 1 16.6 2.74e-05 0.058624
3490 10 1.05909 1.1 16.4 2.75e-05 0.058899
3500 10 1.06257 1.1 16 3.1e-05 0.059209
3510 10 1.07527 1.1 14.3 2.93e-05 0.059502
3520 10 1.07527 1 17.1 2.71e-05 0.059773
3530 10 1.07527 1 13.1 2.84e-05 0.060057
3540 10 1.08453 1.1 22.4 3.63e-05 0.06042
3550 10 1.09378 1.1 16.8 2.91e-05 0.060711
3560 10 1.09378 1.2 22.5 4.52e-05 0.061163
3570 10 1.09378 1.2 15.8 3.33e-05 0.061496
3580 10 1.09378 1 21.5 3.67e-05 0.061863
3590 10 1.1015 1.1 16.1 3.28e-05 0.062191
3600 10 1.1015 1 23 3e-05 0.062491
3610 10 1.1015 1.2 20 3.32e-05 0.062823
3620 10 1.1015 1 13.2 2.71e-05 0.063094
3630 10 1.1015 1.2 20.1 4.09e-05 0.063503
3640 10 1.10941 1.1 16.4 4.19e-05 0.063922
3650 10 1.10941 1 20.1 3.63e-05 0.064285
3660 10 1.10941 1 19.9 3.14e-05 0.064599
3670 10 1.10941 1.3 21 4.77e-05 0.065076
3680 10 1.10941 1.1 24.4 4.17e-05 0.065493
3690 10 1.10941 1 15.1 3e-05 0.065793
3700 10 1.10941 1 14.2 2.77e-05 0.06607
3710 10 1.10941 1.2 20 3.81e-05 0.066451
3720 10 1.10941 1 23.6 4.03e-05 0.066854
3730 10 1.10941 1 19.9 3.36e-05 0.06719
3740 10 1.11821 1.1 12.8 3.37e-05 0.067527
3750 10 1.11821 1 14.5 3.09e-05 0.067836
3760 10 1.11821 1.2 21 3.64e-05 0.0682
3770 10 1.12785 1 28.1 3.5e-05 0.06855
3780 10 1.12785 1 23.7 2.77e-05 0.068827
3790 10 1.13623 1.2 18.9 3.67e-05 0.069194
3800 10 1.13623 1.1 21 3.77e-05 0.069571
3810 10 1.13623 1.3 22.7 4.01e-05 0.069972
3820 10 1.13623 1.1 21.4 3.6e-05 0.070332
3830 10 1.13687 1 17.6 2.92e-05 0.070624
3840 10 1.13917 1.2 20.3 4.03e-05 0.071027
3850 10 1.13917 1 10.5 2.39e-05 0.071266
3860 10 1.13917 1.1 17.3 4.02e-05 0.071668
3870 10 1.13917 1.1 18.5 4.47e-05 0.072115
3880 10 1.13917 1 21.4 2.92e-05 0.072407
3890 10 1.13917 1 14.9 3.34e-05 0.072741
3900 10 1.13917 1.4 23.5 4.86e-05 0.073227
3910 10 1.14202 1 10.6 2.05e-05 0.073432
3920 10 1.14202 1 14.4 2.94e-05 0.073726
3930 10 1.14202 1.2 17.1 3.5e-05 0.074076
3940 10 1.14202 1.2 24.2 3.93e-05 0.074469
3950 10 1.14202 1 11.7 2.1e-05 0.074679
3960 10 1.14202 1.1 16.8 3.33e-05 0.075012
3970 10 1.14202 1.1 21.4 3.56e-05 0.075368
3980 10 1.14202 1 15.6 2.24e-05 0.075592
3990 10 1.14202 1 15.3 2.52e-05 0.075844
4000 10 1.14512 1.1 22.7 4.69e-05 0.076313
4010 10 1.14512 1.1 13.6 3.24e-05 0.076637
4020 10 1.14512 1.4 21.8 4.53e-05 0.07709
4030 10 1.14512 1.2 18.7 4.23e-05 0.077513
4040 10 1.14512 1 20.4 3.82e-05 0.077895
4050 10 1.14512 1 13.9 2.32e-05 0.078127
4060 10 1.14512 1.1 22.2 4.49e-05 0.078576
4070 10 1.14512 1 11.1 2.39e-05 0.078815
4080 10 1.14512 1.2 17.4 3.8e-05 0.079195
4090 10 1.15007 1.1 21.5 3.11e-05 0.079506
4100 10 1.15007 1.1 19.7 4.53e-05 0.079959
4110 10 1.15007 1.1 16.4 3.29e-05 0.080288
4120 10 1.158 1.2 15.5 5.38e-05 0.080826
4130 10 1.16382 1.3 27.8 4.44e-05 0.08127
4140 10 1.16382 1.5 18.5 6.34e-05 0.081904
4150 10 1.16905 1.2 23.6 4.07e-05 0.082311
4160 10 1.17313 1 17 3.49e-05 0.08266
4170 10 1.17313 1.2 14.2 4.38e-05 0.083098
4180 10 1.17709 1 18.9 3.65e-05 0.083463
4190 10 1.17709 1 16.4 2.86e-05 0.083749
4200 10 1.17709 1.3 19.5 4.93e-05 0.084242
4210 10 1.17709 1 14.2 3.23e-05 0.084565
4220 10 1.17709 1 20.3 3.49e-05 0.084914
4230 10 1.17709 1.3 18.1 5.37e-05 0.085451
4240 10 1.17709 1.1 20.2 4.53e-05 0.085904
4250 10 1.18406 1 17.3 5.38e-05 0.086442
4260 10 1.18406 1.2 19.5 4.25e-05 0.086867
4270 10 1.18406 1.4 21.7 5.53e-05 0.08742
4280 10 1.18406 1.1 12.8 3.69e-05 0.087789
4290 10 1.18822 1.1 23 4.05e-05 0.088194
4300 10 1.18822 1.2 16.2 3.83e-05 0.088577
4310 10 1.18822 1 13.1 2.47e-05 0.088824
4320 10 1.19133 1 14.2 2.44e-05 0.089068
4330 10 1.19133 1.2 14 3.87e-05 0.089455
4340 10 1.19133 1.2 23.8 4.2e-05 0.089875
4350 10 1.19813 1.2 22.3 5.71e-05 0.090446
4360 10 1.19813 1.1 16.7 3.9e-05 0.090836
4370 10 1.19813 1 9.9 2.29e-05 0.091065
4380 10 1.2077 1.3 16.3 4.62e-05 0.091527
4390 10 1.2077 1 22.2 3.37e-05 0.091864
4400 10 1.2077 1.1 21.4 4.69e-05 0.092333
4410 10 1.2077 1 12.8 2.67e-05 0.0926
4420 10 1.2077 1.3 21.4 5.16e-05 0.093116
4430 10 1.21398 1 15.8 4.46e-05 0.093562
4440 10 1.21398 1.1 16.6 4.15e-05 0.093977
4450 10 1.21398 1.1 19.5 4.02e-05 0.094379
4460 10 1.21398 1.1 11.8 3.71e-05 0.09475
4470 10 1.21398 1.1 22.1 5.16e-05 0.095266
4480 10 1.21398 1 13.7 2.48e-05 0.095514
4490 10 1.21398 1.1 15 3.65e-05 0.095879
4500 10 1.21738 1 22.2 5.09e-05 0.096388
4510 10 1.21738 1.1 14.6 4.02e-05 0.09679
4520 10 1.21738 1 12.3 1.99e-05 0.096989
4530 10 1.21738 1 10.7 3.47e-05 0.097336
4540 10 1.21738 1.3 15.3 5.84e-05 0.09792
4550 10 1.22056 1.1 18.2 3.81e-05 0.098301
4560 10 1.22056 1.1 16.9 3.43e-05 0.098644
4570 10 1.22056 1.1 13.9 4.06e-05 0.09905
4580 10 1.22847 1.2 17.2 5.61e-05 0.099611
4590 10 1.22847 1.2 19.1 4.71e-05 0.100082
4600 10 1.22847 1.1 12.9 4.01e-05 0.100483
4610 10 1.22847 1.1 16.4 3.87e-05 0.10087
4620 10 1.22847 1.3 21.7 4.62e-05 0.101332
4630 10 1.22847 1 18.3 4.17e-05 0.101749
4640 10 1.22847 1.1 14.3 3.83e-05 0.102132
4650 10 1.22847 1 12 3.05e-05 0.102437
4660 10 1.22847 1 17.4 3.95e-05 0.102832
4670 10 1.22847 1.1 15.8 3.99e-05 0.103231
4680 10 1.22847 1.1 16.1 4.99e-05 0.10373
4690 10 1.23737 1 13.7 3.55e-05 0.104085
4700 10 1.23737 1 14 2.97e-05 0.104382
4710 10 1.23737 1.1 21.9 4.29e-05 0.104811
4720 10 1.23737 1.1 24.1 5.19e-05 0.10533
4730 10 1.23737 1.1 17.8 3.62e-05 0.105692
4740 10 1.24285 1.1 16.9 4.01e-05 0.106093
4750 10 1.24285 1.1 22.6 5.83e-05 0.106676
4760 10 1.24285 1.1 28.5 5.43e-05 0.107219
4770 10 1.24285 1.1 19.7 4.56e-05 0.107675
4780 10 1.24285 1.2 17.8 4.85e-05 0.10816
4790 10 1.24285 1.1 14.7 4.14e-05 0.108574
4800 10 1.24285 1.1 22.2 4.91e-05 0.109065
4810 10 1.25075 1 11.4 2.97e-05 0.109362
4820 10 1.25075 1.1 17.6 5e-05 0.109862
4830 10 1.26516 1 10.1 2.01e-05 0.110063
4840 10 1.26583 1 23.8 4.84e-05 0.110547
4850 10 1.27476 1.2 18.2 5.46e-05 0.111093
4860 10 1.27476 1.1 11.3 4.56e-05 0.111549
4870 10 1.27476 1.2 23.1 5.57e-05 0.112106
4880 10 1.27744 1.3 20.9 6.65e-05 0.112771
4890 10 1.27744 1.3 23.4 5.75e-05 0.113346
4900 10 1.27744 1.1 21.2 4.8e-05 0.113826
4910 10 1.27744 1.1 16.3 3.75e-05 0.114201
4920 10 1.27744 1 12.5 2.39e-05 0.11444
4930 10 1.27744 1 12.5 5.14e-05 0.114954
4940 10 1.27744 1.2 19.7 6.46e-05 0.1156
4950 10 1.27744 1 15 3.35e-05 0.115935
4960 10 1.27893 1.1 18 5.47e-05 0.116482
4970 10 1.27893 1 13.4 2.85e-05 0.116767
4980 10 1.28844 1.1 13.7 3.75e-05 0.117142
4990 10 1.28844 1.1 16.7 4.44e-05 0.117586
5000 10 1.28844 1.3 24.5 7.13e-05 0.118299
5010 10 1.28844 1 21.4 2.59e-05 0.118558
5020 10 1.29625 1.2 19.4 4.78e-05 0.119036
5030 10 1.29625 1.2 18.2 5.58e-05 0.119594
5040 10 1.29625 1.1 15.9 4.99e-05 0.120093
5050 10 1.29625 1.1 15.7 4.51e-05 0.120544
5060 10 1.29625 1 16.1 4.72e-05 0.121016
5070 10 1.29625 1 16.6 3.75e-05 0.121391
5080 10 1.29625 1 19.1 3.11e-05 0.121702
5090 10 1.30473 1.2 20.4 4.97e-05 0.122199
5100 10 1.30473 1.2 23.1 6.23e-05 0.122822
5110 10 1.30802 1 13.7 3.08e-05 0.12313
5120 10 1.30802 1 15.7 2.71e-05 0.123401
5130 10 1.31409 1.1 13.6 3.63e-05 0.123764
5140 10 1.32302 1 15 2.86e-05 0.12405
5150 10 1.32302 1.2 20.6 6.34e-05 0.124684
5160 10 1.3302 1 24.8 3.76e-05 0.12506
5170 10 1.3302 1.4 27.5 7.72e-05 0.125832
5180 10 1.3302 1.1 17.5 4.88e-05 0.12632
5190 10 1.3302 1.1 16.4 4.74e-05 0.126794
5200 10 1.33545 1 14 4.55e-05 0.127249
5210 10 1.33545 1.1 18.7 5.57e-05 0.127806
5220 10 1.33545 1.2 25.9 5.92e-05 0.128398
5230 10 1.34345 1 16.1 4.64e-05 0.128862
5240 10 1.34345 1.2 17.3 5.43e-05 0.129405
5250 10 1.34345 1.1 12.7 4.77e-05 0.129882
5260 10 1.34345 1.2 15.9 5.63e-05 0.130445
5270 10 1.34345 1.3 24.5 6.14e-05 0.131059
5280 10 1.34345 1.2 22.4 5.24e-05 0.131583
5290 10 1.34345 1.1 13.4 5.48e-05 0.132131
5300 10 1.34345 1 12.6 3.7e-05 0.132501
5310 10 1.34345 1 17.1 3.32e-05 0.132833
5320 10 1.34345 1.1 17.5 4.52e-05 0.133285
5330 10 1.34345 1.1 16.1 6.03e-05 0.133888
5340 10 1.34345 1.2 23.7 5.66e-05 0.134454
5350 10 1.34345 1.1 26.6 4.65e-05 0.134919
5360 10 1.34345 1 16.5 3.11e-05 0.13523
5370 10 1.34345 1.3 24.9 5.72e-05 0.135802
5380 10 1.34345 1 18.3 6.18e-05 0.13642
5390 10 1.34345 1.3 17.1 6.94e-05 0.137114
5400 10 1.34345 1 15.7 3.55e-05 0.137469
5410 10 1.34345 1.2 22.4 6.79e-05 0.138148
5420 10 1.34345 1 22.9 5.75e-05 0.138723
5430 10 1.34345 1.2 19.9 5.53e-05 0.139276
5440 10 1.34345 1.2 13.9 6.43e-05 0.139919
5450 10 1.34345 1.1 24.2 5.68e-05 0.140487
5460 10 1.34345 1.1 20.6 5.75e-05 0.141062
5470 10 1.34783 1.2 13.4 5.21e-05 0.141583
5480 10 1.34783 1.2 25 5.84e-05 0.142167
5490 10 1.34783 1 20.2 3.09e-05 0.142476
5500 10 1.34783 1.1 19.5 4.66e-05 0.142942
5510 10 1.34783 1.1 21 5.48e-05 0.14349
5520 10 1.35076 1.2 18.4 6.77e-05 0.144167
5530 10 1.35076 1 17.4 2.89e-05 0.144456
5540 10 1.35076 1.1 19.8 5.13e-05 0.144969
5550 10 1.35076 1.1 21.8 6.65e-05 0.145634
5560 10 1.35076 1 22 3.93e-05 0.146027
5570 10 1.35076 1.1 21.6 5.51e-05 0.146578
5580 10 1.35076 1.2 20.8 6.7e-05 0.147248
5590 10 1.35076 1 12.2 2.92e-05 0.14754
5600 10 1.35076 1 22.7 5.59e-05 0.148099
5610 10 1.35699 1.5 34.8 0.0001026 0.149125
5620 10 1.35699 1 19.8 2.66e-05 0.149391
5630 10 1.36602 1.1 17.7 4.88e-05 0.149879
5640 10 1.36602 1 15.9 2.96e-05 0.150175
5650 10 1.36602 1 19 5.42e-05 0.150717
5660 10 1.36602 1.2 13.2 5.45e-05 0.151262
5670 10 1.37011 1.1 14.1 3.73e-05 0.151635
5680 10 1.37011 1.2 19.8 6.74e-05 0.152309
5690 10 1.37011 1 15.1 3.57e-05 0.152666
5700 10 1.37011 1.1 18.8 6.16e-05 0.153282
5710 10 1.37011 1.5 25.4 8.29e-05 0.154111
5720 10 1.37011 1.3 16 5.46e-05 0.154657
5730 10 1.37011 1 19.8 3.97e-05 0.155054
5740 10 1.37011 1.1 17.3 4.81e-05 0.155535
5750 10 1.37011 1.1 20.4 6.6e-05 0.156195
5760 10 1.37011 1 16.6 3.15e-05 0.15651
5770 10 1.37011 1 15.2 4.52e-05 0.156962
5780 10 1.37011 1.3 16.1 5.97e-05 0.157559
5790 10 1.37011 1 25.7 4.35e-05 0.157994
5800 10 1.37011 1 25.2 6.16e-05 0.15861
5810 10 1.37011 1 16.6 4.91e-05 0.159101
5820 10 1.37017 1.1 13.2 5.25e-05 0.159626
5830 10 1.37017 1.1 19.8 5.66e-05 0.160192
5840 10 1.37271 1.1 17.9 6.58e-05 0.16085
5850 10 1.38025 1.1 17.1 5.55e-05 0.161405
5860 10 1.38025 1 14.7 3.05e-05 0.16171
5870 10 1.38025 1 17.6 4.66e-05 0.162176
5880 10 1.38025 1.1 18 5.05e-05 0.162681
5890 10 1.38025 1.1 20.7 6.56e-05 0.163337
5900 10 1.39007 1 18.4 5.17e-05 0.163854
5910 10 1.39007 1.1 15.6 5.47e-05 0.164401
5920 10 1.39007 1.2 16.9 6.19e-05 0.16502
5930 10 1.39007 1.3 16.2 6.72e-05 0.165692
5940 10 1.39007 1 15.8 3.79e-05 0.166071
5950 10 1.39007 1.1 17.1 6.13e-05 0.166684
5960 10 1.39007 1.2 18.4 5.54e-05 0.167238
5970 10 1.39007 1 16.1 3.6e-05 0.167598
5980 10 1.39007 1 18.3 5.61e-05 0.168159
5990 10 1.39007 1.1 20.1 6.16e-05 0.168775
6000 10 1.39007 1.1 22.7 4.4e-05 0.169215
6010 10 1.39007 1 15.7 3.27e-05 0.169542
6020 10 1.39007 1 12.4 2.54e-05 0.169796
6030 10 1.39007 1 13.4 3.27e-05 0.170123
6040 10 1.39007 1.3 23.3 7.49e-05 0.170872
6050 10 1.39927 1.2 28.1 7.17e-05 0.171589
6060 10 1.39927 1 22.9 5.54e-05 0.172143
6070 10 1.39927 1.1 22.9 6.32e-05 0.172775
6080 10 1.39965 1.1 19.1 5.62e-05 0.173337
6090 10 1.39965 1 10.5 2.27e-05 0.173564
6100 10 1.39965 1.1 17.1 4.61e-05 0.174025
6110 10 1.39965 1.4 26.2 7.56e-05 0.174781
6120 10 1.39965 1 13.4 3.71e-05 0.175152
6130 10 1.40834 1 21.3 4.05e-05 0.175557
6140 10 1.40834 1.1 14.3 5.43e-05 0.1761
6150 10 1.40834 1.2 24.5 6.81e-05 0.176781
6160 10 1.40834 1 12.2 5.42e-05 0.177323
6170 10 1.40834 1.1 17.1 5.61e-05 0.177884
6180 10 1.40834 1 18.2 5.79e-05 0.178463
6190 10 1.40834 1.1 15.2 6.15e-05 0.179078
6200 10 1.40834 1.1 22.6 6.03e-05 0.179681
6210 10 1.40834 1.1 13.5 5.62e-05 0.180243
6220 10 1.40834 1.2 18 6.09e-05 0.180852
6230 10 1.40834 1.2 12.4 5.94e-05 0.181446
6240 10 1.40834 1 19.3 5.83e-05 0.182029
6250 10 1.40834 1.2 16.7 5.91e-05 0.18262
6260 10 1.40834 1.1 24.4 6.77e-05 0.183297
6270 10 1.41341 1.2 20.5 6.56e-05 0.183953
6280 10 1.41341 1 14.5 5.81e-05 0.184534
6290 10 1.41341 1.1 14.6 5.38e-05 0.185072
6300 10 1.41341 1.3 24.4 7.98e-05 0.18587
6310 10 1.42034 1 17 3.57e-05 0.186227
6320 10 1.42034 1.2 15.4 6.6e-05 0.186887
6330 10 1.42034 1 11.8 2.9e-05 0.187177
6340 10 1.42034 1.3 25.2 7.48e-05 0.187925
6350 10 1.42034 1.1 18.8 5.2e-05 0.188445
6360 10 1.42034 1.2 22.8 7.46e-05 0.189191
6370 10 1.42034 1.1 15.1 6.52e-05 0.189843
6380 10 1.42034 1.1 17 5.12e-05 0.190355
6390 10 1.42034 1.1 16.6 6.43e-05 0.190998
6400 10 1.42777 1.1 13.3 5.59e-05 0.191557
6410 10 1.42777 1.1 15.6 6.28e-05 0.192185
6420 10 1.43685 1 18.1 3.3e-05 0.192515
6430 10 1.43685 1.3 24.7 9.97e-05 0.193512
6440 10 1.44443 1 18.8 4.14e-05 0.193926
6450 10 1.44443 1.1 18.6 5.3e-05 0.194456
6460 10 1.44443 1.1 17.3 3.35e-05 0.194791
6470 10 1.44443 1 18.9 9.16e-05 0.195707
6480 10 1.44443 1.1 18.3 5.53e-05 0.19626
6490 10 1.44443 1.3 18.3 6.92e-05 0.196952
6500 10 1.44443 1 15.9 5.52e-05 0.197504
6510 10 1.44443 1.1 17.4 6.2e-05 0.198124
6520 10 1.44443 1 16.5 3.52e-05 0.198476
6530 10 1.45004 1 14.5 4.71e-05 0.198947
6540 10 1.45004 1.2 11.9 5.49e-05 0.199496
6550 10 1.45004 1.2 19.4 6.45e-05 0.200141
6560 10 1.45004 1.1 16.7 6.12e-05 0.200753
6570 10 1.45004 1 14.1 3.31e-05 0.201084
6580 10 1.45004 1 18.5 6.22e-05 0.201706
6590 10 1.45004 1.1 20.6 4.96e-05 0.202202
6600 10 1.45004 1 14.3 3.99e-05 0.202601
6610 10 1.457 1 15 5.97e-05 0.203198
6620 10 1.457 1.4 16.8 8.16e-05 0.204014
6630 10 1.457 1 14.2 6.13e-05 0.204627
6640 10 1.457 1.2 25.3 6.62e-05 0.205289
6650 10 1.457 1 16.8 3.52e-05 0.205641
6660 10 1.46462 1.1 16.6 5.05e-05 0.206146
6670 10 1.46462 1.1 18.8 5.59e-05 0.206705
6680 10 1.46462 1.2 25 0.0001023 0.207728
6690 10 1.46462 1.1 20 6.85e-05 0.208413
6700 10 1.46462 1 18.6 3.49e-05 0.208762
6710 10 1.46932 1 15 3.44e-05 0.209106
6720 10 1.46932 1.1 15.6 5.81e-05 0.209687
6730 10 1.46932 1.1 15.2 7.08e-05 0.210395
6740 10 1.46932 1 9.2 2.47e-05 0.210642
6750 10 1.46932 1.3 24.8 7.01e-05 0.211343
6760 10 1.47776 1.2 21 6.61e-05 0.212004
6770 10 1.47776 1 12.5 6.16e-05 0.21262
6780 10 1.47776 1 14.9 4.26e-05 0.213046
6790 10 1.47776 1 16.9 5.85e-05 0.213631
6800 10 1.48589 1.1 11.1 5.99e-05 0.21423
6810 10 1.48589 1 19.6 4.74e-05 0.214704
6820 10 1.48589 1.1 15.6 6.1e-05 0.215314
6830 10 1.48589 1 16.7 4.09e-05 0.215723
6840 10 1.48589 1 17.2 4.6e-05 0.216183
6850 10 1.48589 1 20.7 3.95e-05 0.216578
6860 10 1.48589 1 11.9 3.41e-05 0.216919
6870 10 1.48589 1.1 17.8 6.42e-05 0.217561
6880 10 1.48589 1.1 15.5 7e-05 0.218261
6890 10 1.48589 1.1 14.3 4.99e-05 0.21876
6900 10 1.48589 1.2 22.9 8.67e-05 0.219627
6910 10 1.48589 1.1 15.9 5.78e-05 0.220205
6920 10 1.48589 1.2 25.5 8.66e-05 0.221071
6930 10 1.48589 1 11.1 3.77e-05 0.221448
6940 10 1.48589 1.1 18 6.96e-05 0.222144
6950 10 1.48589 1.1 16.4 7.3e-05 0.222874
6960 10 1.49135 1.3 17.8 7.5e-05 0.223624
6970 10 1.49135 1.1 17.9 5.62e-05 0.224186
6980 10 1.49135 1 10.7 3.28e-05 0.224514
6990 10 1.49135 1.1 19.7 6.8e-05 0.225194
7000 10 1.49135 1.2 18.3 7.75e-05 0.225969
7010 10 1.49135 1.2 17.3 8.24e-05 0.226793
7020 10 1.49135 1 16.9 4.67e-05 0.22726
7030 10 1.49914 1 15.8 3.61e-05 0.227621
7040 10 1.49914 1.1 14.6 7.34e-05 0.228355
7050 10 1.49914 1.4 20.4 7.41e-05 0.229096
7060 10 1.49914 1.1 21.8 7.82e-05 0.229878
7070 10 1.49914 1.1 17.9 6.31e-05 0.230509
7080 10 1.49914 1.1 18.6 6.99e-05 0.231208
7090 10 1.49914 1.1 20.5 7.12e-05 0.23192
7100 10 1.49914 1 15.5 6.19e-05 0.232539
7110 10 1.49914 1 13.9 4.01e-05 0.23294
7120 10 1.49914 1.3 18.7 8.83e-05 0.233823
7130 10 1.49914 1.2 20.5 7.87e-05 0.23461
7140 10 1.49914 1.1 16.4 7.87e-05 0.235397
7150 10 1.49914 1 14.2 3.72e-05 0.235769
7160 10 1.49914 1.1 23 8.86e-05 0.236655
7170 10 1.49914 1.2 24.1 8.5e-05 0.237505
7180 10 1.49914 1.4 22.7 9.69e-05 0.238474
7190 10 1.49914 1 15 5.22e-05 0.238996
7200 10 1.49914 1.1 16.5 7.3e-05 0.239726
7210 10 1.49914 1 14.8 3.33e-05 0.240059
7220 10 1.49914 1.1 14.6 6.03e-05 0.240662
7230 10 1.49914 1.2 21 8.12e-05 0.241474
7240 10 1.50577 1.2 15.9 8.36e-05 0.24231
7250 10 1.50577 1.1 15.7 4.88e-05 0.242798
7260 10 1.50577 1.1 12.7 6.95e-05 0.243493
7270 10 1.50577 1 17.3 5.25e-05 0.244018
7280 10 1.50577 1 21.7 4.95e-05 0.244513
7290 10 1.50577 1 21.5 6.85e-05 0.245198
7300 10 1.50577 1 21.8 4.84e-05 0.245682
7310 10 1.50577 1.2 17.9 7.51e-05 0.246433
7320 10 1.50577 1.2 14.2 6.9e-05 0.247123
7330 10 1.50577 1.2 16.8 7.49e-05 0.247872
7340 10 1.50577 1 9.6 3.28e-05 0.2482
7350 10 1.50577 1.1 18.3 6.67e-05 0.248867
7360 10 1.50577 1 17.1 6.02e-05 0.249469
7370 10 1.50577 1.1 15.4 6.58e-05 0.250127
7380 10 1.50577 1.2 19 7.24e-05 0.250851
7390 10 1.51121 1 14.6 4.73e-05 0.251324
7400 10 1.51121 1.1 16.1 6.86e-05 0.25201
7410 10 1.51121 1.3 28.1 9.06e-05 0.252916
7420 10 1.51121 1.2 23.7 8.82e-05 0.253798
7430 10 1.51527 1 14.2 6.74e-05 0.254472
7440 10 1.51527 1.1 19.6 8.15e-05 0.255287
7450 10 1.52277 1.1 16.9 3.64e-05 0.255651
7460 10 1.52277 1 15.5 3.65e-05 0.256016
7470 10 1.52277 1 22 7.32e-05 0.256748
7480 10 1.52277 1 10.3 3.37e-05 0.257085
7490 10 1.52277 1.1 18 7.47e-05 0.257832
7500 10 1.52277 1.2 17 8.03e-05 0.258635
7510 10 1.52277 1.1 15.1 5.64e-05 0.259199
7520 10 1.52277 1 14.4 3.87e-05 0.259586
7530 10 1.52277 1 15.3 6.49e-05 0.260235
7540 10 1.53456 1.2 16.3 7.86e-05 0.261021
7550 10 1.53456 1 14.8 2.77e-05 0.261298
7560 10 1.53456 1.1 20.3 8.42e-05 0.26214
7570 10 1.53456 1.1 16.6 5.82e-05 0.262722
7580 10 1.53456 1 15.2 4.53e-05 0.263175
7590 10 1.53456 1 14.8 3.51e-05 0.263526
7600 10 1.53456 1.1 25.8 9.6e-05 0.264486
7610 10 1.53456 1.2 23.3 8.7e-05 0.265356
7620 10 1.53456 1 14.1 4.62e-05 0.265818
7630 10 1.53456 1 13.3 4.61e-05 0.266279
7640 10 1.53456 1.1 16.8 7.19e-05 0.266998
7650 10 1.54257 1 15.4 3.58e-05 0.267356
7660 10 1.54257 1.1 16.8 6.28e-05 0.267984
7670 10 1.54257 1 13.3 3.76e-05 0.26836
7680 10 1.54257 1.2 17.2 7.8e-05 0.26914
7690 10 1.54257 1 14 3.69e-05 0.269509
7700 10 1.54257 1 20.5 2.86e-05 0.269795
7710 10 1.54257 1 14.6 3.87e-05 0.270182
7720 10 1.54257 1.1 14.3 7.4e-05 0.270922
7730 10 1.55656 1 24.9 5.41e-05 0.271463
7740 10 1.55656 1.2 20.4 7.14e-05 0.272177
7750 10 1.55656 1.2 24 9.42e-05 0.273119
7760 10 1.56376 1.4 27.6 0.0001162 0.274281
7770 10 1.56376 1.3 23.9 8.67e-05 0.275148
7780 10 1.56376 1.1 17.9 7.86e-05 0.275934
7790 10 1.56376 1.1 14.7 7.26e-05 0.27666
7800 10 1.56376 1 17.7 4.88e-05 0.277148
7810 10 1.56376 1.2 18.4 9.34e-05 0.278082
7820 10 1.57226 1.1 11.5 6.22e-05 0.278704
7830 10 1.57226 1.3 22.1 8.33e-05 0.279537
7840 10 1.57226 1 17.2 3.44e-05 0.279881
7850 10 1.57226 1.1 28.4 8.7e-05 0.280751
7860 10 1.57819 1 19.4 4.21e-05 0.281172
7870 10 1.58617 1.2 18.8 8.26e-05 0.281998
7880 10 1.59559 1 12.5 5.59e-05 0.282557
7890 10 1.59559 1.3 20.8 9.78e-05 0.283535
7900 10 1.59559 1.1 21.1 7.96e-05 0.284331
7910 10 1.59559 1.1 12.7 6.94e-05 0.285025
7920 10 1.59559 1.1 19.7 7.46e-05 0.285771
7930 10 1.59559 1 22 5.87e-05 0.286358
7940 10 1.59559 1 22.5 4.62e-05 0.28682
7950 10 1.59559 1.3 22.4 8.83e-05 0.287703
7960 10 1.59559 1.1 18 4.88e-05 0.288191
7970 10 1.59559 1.1 18.3 5.33e-05 0.288724
7980 10 1.59559 1.1 18.5 7.77e-05 0.289501
7990 10 1.59559 1.2 21 8.31e-05 0.290332
8000 10 1.59559 1.2 23.8 8.5e-05 0.291182
8010 10 1.60461 1 14.8 4.7e-05 0.291652
8020 10 1.60461 1 15.1 3.78e-05 0.29203
8030 10 1.60461 1 18.1 4.11e-05 0.292441
8040 10 1.60461 1 18.1 3.93e-05 0.292834
8050 10 1.60461 1.1 14.3 5.64e-05 0.293398
8060 10 1.60461 1 14.5 2.93e-05 0.293691
8070 10 1.60461 1.2 21.5 8.7e-05 0.294561
8080 10 1.60461 1.2 23.3 7.36e-05 0.295297
8090 10 1.60461 1.1 19.3 9.39e-05 0.296236
8100 10 1.60461 1 15 5.22e-05 0.296758
8110 10 1.60461 1.2 21 9.75e-05 0.297733
8120 10 1.60974 1.3 21.4 0.0001338 0.299071
8130 10 1.60974 1 18.6 6.22e-05 0.299693
8140 10 1.60974 1.1 18.6 7.88e-05 0.300481
8150 10 1.60974 1.2 20.1 9.1e-05 0.301391
8160 10 1.61202 1.1 20.5 7.65e-05 0.302156
8170 10 1.61202 1.4 20.6 0.0001004 0.30316
8180 10 1.6202 1.2 18.8 6.38e-05 0.303798
8190 10 1.6202 1.2 17.6 7.77e-05 0.304575
8200 10 1.6202 1.1 17.9 8.22e-05 0.305397
8210 10 1.6202 1.1 17.2 8.22e-05 0.306219
8220 10 1.62788 1.2 14.9 9.14e-05 0.307133
8230 10 1.62788 1 16.6 3.54e-05 0.307487
8240 10 1.63272 1 13.2 6.01e-05 0.308088
8250 10 1.63272 1.1 18.4 7.51e-05 0.308839
8260 10 1.63272 1 13.8 3.58e-05 0.309197
8270 10 1.63272 1.1 16.5 7.26e-05 0.309923
8280 10 1.63272 1 15 3.6e-05 0.310283
8290 10 1.63272 1 18.9 3.07e-05 0.31059
8300 10 1.63272 1.1 19.7 8.17e-05 0.311407
8310 10 1.64031 1.1 16.7 7.7e-05 0.312177
8320 10 1.64031 1.1 16.2 8.26e-05 0.313003
8330 10 1.64031 1.1 14.8 6.29e-05 0.313632
8340 10 1.64031 1.2 16.5 7.29e-05 0.314361
8350 10 1.64031 1.1 17.4 7.53e-05 0.315114
8360 10 1.64031 1.5 21.4 0.0001064 0.316178
8370 10 1.64031 1.2 16.1 8.21e-05 0.316999
8380 10 1.64031 1 17.7 3.43e-05 0.317342
8390 10 1.64031 1.1 16 5.29e-05 0.317871
8400 10 1.64031 1.1 26.9 9.71e-05 0.318842
8410 10 1.64031 1.3 26.8 9.73e-05 0.319815
8420 10 1.64031 1.4 25.6 0.0001032 0.320847
8430 10 1.64031 1 13.8 4.25e-05 0.321272
8440 10 1.64031 1.1 15.7 8.64e-05 0.322136
8450 10 1.64031 1.2 21.6 8.55e-05 0.322991
8460 10 1.64031 1.4 18.2 0.0001074 0.324065
8470 10 1.64031 1.3 23.6 0.000105 0.325115
8480 10 1.64031 1.1 24.4 8.94e-05 0.326009
8490 10 1.64031 1.1 35.3 9.1e-05 0.326919
8500 10 1.64031 1 20.4 5.2e-05 0.327439
8510 10 1.64031 1.1 15.3 4.68e-05 0.327907
8520 10 1.64031 1.3 17.8 9.58e-05 0.328865
8530 10 1.64031 1.2 18.7 8.65e-05 0.32973
8540 10 1.64031 1.1 17.6 8.07e-05 0.330537
8550 10 1.64031 1 13.3 5.99e-05 0.331136
8560 10 1.64031 1.2 18 9.25e-05 0.332061
8570 10 1.64031 1 16.9 4.44e-05 0.332505
8580 10 1.64031 1 19.9 5.16e-05 0.333021
8590 10 1.64031 1 16.3 6.65e-05 0.333686
8600 10 1.64031 1.2 13.6 8.67e-05 0.334553
8610 10 1.64031 1.3 21.4 9.82e-05 0.335535
8620 10 1.64031 1.1 21.2 8.01e-05 0.336336
8630 10 1.64031 1.2 15.6 0.0001048 0.337384
8640 10 1.64031 1.1 23.1 8.2e-05 0.338204
8650 10 1.64031 1.2 14.2 6.79e-05 0.338883
8660 10 1.64031 1.3 23.9 0.0001169 0.340052
8670 10 1.64031 1.1 20 9.43e-05 0.340995
8680 10 1.64031 1 14.6 3.93e-05 0.341388
8690 10 1.64031 1 11.5 2.85e-05 0.341673
8700 10 1.64031 1.1 15 8.71e-05 0.342544
8710 10 1.64031 1.2 20.7 7.67e-05 0.343311
8720 10 1.64031 1.2 19.9 9.76e-05 0.344287
8730 10 1.64031 1.1 17.5 9.48e-05 0.345235
8740 10 1.64031 1.1 17.3 8.75e-05 0.34611
8750 10 1.64031 1.2 17.6 9.13e-05 0.347023
8760 10 1.64031 1 16.1 6.05e-05 0.347628
8770 10 1.64031 1.1 19.1 3.95e-05 0.348023
8780 10 1.64031 1.1 17.8 9.02e-05 0.348925
8790 10 1.64031 1.3 24.5 0.0001169 0.350094
8800 10 1.64031 1 15.8 2.81e-05 0.350375
8810 10 1.64138 1 10.6 3.22e-05 0.350697
8820 10 1.64138 1.1 14.4 8.68e-05 0.351565
8830 10 1.64138 1.1 21.1 8.8e-05 0.352445
8840 10 1.64138 1 15.5 4.41e-05 0.352886
8850 10 1.64843 1.1 15.8 8.67e-05 0.353753
8860 10 1.64843 1 19.2 4.79e-05 0.354232
8870 10 1.64843 1.5 20.3 0.0001122 0.355354
8880 10 1.64843 1.1 14.8 7.1e-05 0.356064
8890 10 1.65684 1 18.1 4.27e-05 0.356491
8900 10 1.65684 1.1 15.5 7.96e-05 0.357287
8910 10 1.65684 1.1 24.1 9.99e-05 0.358286
8920 10 1.65684 1.2 20.3 9.74e-05 0.35926
8930 10 1.65684 1.2 21.1 9.59e-05 0.360219
8940 10 1.65684 1 17.5 8.49e-05 0.361068
8950 10 1.65684 1.1 17.4 0.0001022 0.36209
8960 10 1.65684 1.2 19.6 9.88e-05 0.363078
8970 10 1.65684 1 12.5 3.73e-05 0.363451
8980 10 1.66628 1 14.5 4.57e-05 0.363908
8990 10 1.66628 1 20.9 4.69e-05 0.364377
9000 10 1.66628 1.1 10.8 9.23e-05 0.3653
9010 10 1.66628 1 21.6 5.37e-05 0.365837
9020 10 1.6741 1.2 18.2 9.47e-05 0.366784
9030 10 1.6741 1.1 11.3 6.33e-05 0.367417
9040 10 1.6741 1.1 11.5 5e-05 0.367917
9050 10 1.68245 1 19.4 3.15e-05 0.368232
9060 10 1.68854 1 16 4.5e-05 0.368682
9070 10 1.68854 1 14.8 3.17e-05 0.368999
9080 10 1.6909 1.1 19.6 9.04e-05 0.369903
9090 10 1.69746 1.1 14.7 7.14e-05 0.370617
9100 10 1.69746 1.1 20.5 8.58e-05 0.371475
9110 10 1.70311 1.1 21.6 7.59e-05 0.372234
9120 10 1.70311 1.1 21.4 9.57e-05 0.373191
9130 10 1.70311 1.3 20.8 0.0001008 0.374199
9140 10 1.70311 1 18.7 3.96e-05 0.374595
9150 10 1.70311 1.1 18.4 0.0001043 0.375638
9160 10 1.71092 1 19.2 6.61e-05 0.376299
9170 10 1.71092 1.1 19.3 9.23e-05 0.377222
9180 10 1.71092 1.1 19 6.58e-05 0.37788
9190 10 1.71968 1.1 20 0.000118 0.37906
9200 10 1.71968 1.4 22.3 0.000103 0.38009
9210 10 1.71968 1.1 20.7 0.0001092 0.381182
9220 10 1.71968 1 17 5.4e-05 0.381722
9230 10 1.71968 1.1 23.9 7.91e-05 0.382513
9240 10 1.71968 1.2 15.5 9.49e-05 0.383462
9250 10 1.71968 1.2 18.9 9.57e-05 0.384419
9260 10 1.71968 1 13.2 4.12e-05 0.384831
9270 10 1.72062 1 16.6 7.23e-05 0.385554
9280 10 1.72062 1.1 14.1 0.0001109 0.386663
9290 10 1.72062 1.3 21.3 0.0001231 0.387894
9300 10 1.72062 1.1 17.4 0.0001162 0.389056
9310 10 1.72062 1.4 30.6 0.000138 0.390436
9320 10 1.72062 1.1 19.2 8.61e-05 0.391297
9330 10 1.72062 1.1 22.4 9.14e-05 0.392211
9340 10 1.72476 1.1 10.6 7.52e-05 0.392963
9350 10 1.72476 1 16.6 5.92e-05 0.393555
9360 10 1.72819 1.2 14.7 0.0001036 0.394591
9370 10 1.72819 1.1 14.6 7.79e-05 0.39537
9380 10 1.72819 1.1 19.3 8.41e-05 0.396211
9390 10 1.72819 1 15.6 8.09e-05 0.39702
9400 10 1.72819 1.1 20.7 6.53e-05 0.397673
9410 10 1.72819 1 16.3 6.73e-05 0.398346
9420 10 1.72819 1.2 20.4 0.0001062 0.399408
9430 10 1.72819 1 18.3 9.49e-05 0.400357
9440 10 1.72819 1 13.8 4.81e-05 0.400838
9450 10 1.72819 1.1 14.1 8.5e-05 0.401688
9460 10 1.72819 1.1 16 6.44e-05 0.402332
9470 10 1.72819 1 15.3 5.43e-05 0.402875
9480 10 1.72819 1 16.7 6.1e-05 0.403485
9490 10 1.72819 1 16.7 3.12e-05 0.403797
9500 10 1.72819 1.1 26.1 0.0001023 0.40482
9510 10 1.72819 1.1 21.8 9.62e-05 0.405782
9520 10 1.73273 1.1 19.7 9.45e-05 0.406727
9530 10 1.73273 1.1 18.5 6.22e-05 0.407349
9540 10 1.73273 1.2 20.5 0.0001057 0.408406
9550 10 1.74048 1.2 17.1 0.000104 0.409446
9560 10 1.74048 1.4 17.7 0.0001288 0.410734
9570 10 1.74048 1 16 4.91e-05 0.411225
9580 10 1.74048 1.1 13.1 9.59e-05 0.412184
9590 10 1.74048 1.2 25.2 0.000118 0.413364
9600 10 1.74925 1.2 20.5 0.0001043 0.414407
9610 10 1.74925 1.1 17.2 9.77e-05 0.415384
9620 10 1.74925 1.1 24.9 9.4e-05 0.416324
9630 10 1.74925 1.1 20.5 7.68e-05 0.417092
9640 10 1.74925 1.1 17.7 7.63e-05 0.417855
9650 10 1.74925 1.2 23.7 8.57e-05 0.418712
9660 10 1.75833 1 11.5 3.48e-05 0.41906
9670 10 1.75833 1.1 17.9 0.000106 0.42012
9680 10 1.75833 1 21.1 4.33e-05 0.420553
9690 10 1.75833 1.1 18.2 0.0001243 0.421796
9700 10 1.76481 1 17.7 4.43e-05 0.422239
9710 10 1.76481 1.2 23.7 8.68e-05 0.423107
9720 10 1.77298 1.3 17.3 0.0001097 0.424204
9730 10 1.77298 1.3 19.6 0.0001037 0.425241
9740 10 1.77298 1 18.4 3.77e-05 0.425618
9750 10 1.77298 1 23.1 5.28e-05 0.426146
9760 10 1.77298 1.2 18.4 7.36e-05 0.426882
9770 10 1.77298 1.1 21.4 6.53e-05 0.427535
9780 10 1.77298 1.1 18.9 0.0001017 0.428552
9790 10 1.77298 1 17.6 5.53e-05 0.429105
9800 10 1.77298 1 16.1 3.68e-05 0.429473
9810 10 1.77674 1.2 17.3 0.0001019 0.430492
9820 10 1.77674 1.1 15.3 8.6e-05 0.431352
9830 10 1.77674 1.3 22.8 0.0001376 0.432728
9840 10 1.78432 1.3 24 0.0001114 0.433842
9850 10 1.78432 1.3 21.2 0.0001024 0.434866
9860 10 1.78432 1.2 17.8 8.57e-05 0.435723
9870 10 1.78432 1 15.7 3.9e-05 0.436113
9880 10 1.78432 1.4 19 0.0001295 0.437408
9890 10 1.78432 1.2 17.7 0.0001151 0.438559
9900 10 1.78432 1 15.1 7.48e-05 0.439307
9910 10 1.78432 1.2 17.4 0.0001264 0.440571
9920 10 1.78432 1.1 15.7 0.000113 0.441701
9930 10 1.78432 1.1 15.8 9.87e-05 0.442688
9940 10 1.79173 1 19.4 3.82e-05 0.44307
9950 10 1.79173 1.1 19.2 0.0001063 0.444133
9960 10 1.79173 1 11.9 2.78e-05 0.444411
9970 10 1.79173 1.3 23.5 0.0001436 0.445847
9980 10 1.79173 1.2 17 0.0001088 0.446935
9990 10 1.79173 1 14.2 3.66e-05 0.447301
10000 10 1.79173 1 23.7 0.0001007 0.448308
10010 10 1.79173 1 16.3 3.04e-05 0.448612
10020 10 1.79173 1.1 18.9 5.53e-05 0.449165
10030 10 1.79173 1 20.8 4.41e-05 0.449606
10040 10 1.79173 1.1 19.2 0.000125 0.450856
10050 10 1.79173 1.4 25.1 0.0001242 0.452098
10060 10 1.79173 1 12.1 4.87e-05 0.452585
10070 10 1.79173 1.1 13.2 5.07e-05 0.453092
10080 10 1.79173 1.3 23.5 0.0001006 0.454098
10090 10 1.79173 1 15.9 8.64e-05 0.454962
10100 10 1.80138 1.3 22.4 0.0001275 0.456237
10110 10 1.80138 1.2 18.8 0.0001121 0.457358
10120 10 1.80138 1.3 16 0.0001314 0.458672
10130 10 1.80138 1.2 19.8 0.00013 0.459972
10140 10 1.81106 1.1 17 0.0001114 0.461086
10150 10 1.81106 1 12.5 3.29e-05 0.461415
10160 10 1.81936 1.3 23.7 0.000103 0.462445
10170 10 1.82868 1.3 23.2 0.0001343 0.463788
10180 10 1.82868 1 22.5 9.91e-05 0.464779
10190 10 1.82868 1.1 14.1 0.0001163 0.465942
10200 10 1.83297 1 14 7.01e-05 0.466643
10210 10 1.83297 1 20.8 9.63e-05 0.467606
10220 10 1.83297 1.1 12.2 9.83e-05 0.468589
10230 10 1.83297 1.2 20.2 0.000116 0.469749
10240 10 1.83297 1.2 25.9 0.0001054 0.470803
10250 10 1.83297 1 11.7 5.09e-05 0.471312
10260 10 1.83442 1 16.1 3.11e-05 0.471623
10270 10 1.84213 1.2 22.7 0.0001115 0.472738
10280 10 1.84213 1.2 17 8.86e-05 0.473624
10290 10 1.84213 1 14.4 5.06e-05 0.47413
10300 10 1.84213 1.2 19.1 0.0001167 0.475297
10310 10 1.84213 1.2 24.7 0.0001292 0.476589
10320 10 1.84213 1 20.5 0.0001534 0.478123
10330 10 1.84213 1 16.2 4.83e-05 0.478606
10340 10 1.84213 1.2 15.9 7.65e-05 0.479371
10350 10 1.84213 1 18.5 0.0001176 0.480547
10360 10 1.85171 1.1 12.2 4.56e-05 0.481003
10370 10 1.85171 1.3 16.8 0.0001184 0.482187
10380 10 1.85171 1.1 19.8 0.0001196 0.483383
10390 10 1.85171 1 16.6 9.57e-05 0.48434
10400 10 1.85981 1.1 15.1 0.0001131 0.485471
10410 10 1.85981 1.1 20.1 9.11e-05 0.486382
10420 10 1.85981 1.2 25.8 0.0001384 0.487766
10430 10 1.85981 1.1 23.1 0.0001073 0.488839
10440 10 1.86255 1 18.7 6.24e-05 0.489463
10450 10 1.86255 1 12 6.41e-05 0.490104
10460 10 1.86255 1.2 12.7 0.000118 0.491284
10470 10 1.8711 1.1 17.5 7.11e-05 0.491995
10480 10 1.8711 1.3 28.6 0.0001426 0.493421
10490 10 1.87659 1.2 14.6 0.0001217 0.494638
10500 10 1.87659 1.5 36.4 0.0001528 0.496166
10510 10 1.87659 1.1 23.8 0.0001079 0.497245
10520 10 1.87659 1.2 18.1 0.0001164 0.498409
10530 10 1.87659 1 17.4 4e-05 0.498809
10540 10 1.87659 1.2 19.1 8.95e-05 0.499704
10550 10 1.87659 1 15.9 8.93e-05 0.500597
10560 10 1.88248 1.1 17.1 8.32e-05 0.501429
10570 10 1.88248 1.1 27.7 0.0001114 0.502543
10580 10 1.88248 1 23.6 6e-05 0.503143
10590 10 1.88248 1.1 12.2 0.0001073 0.504216
10600 10 1.88248 1.2 25 0.000122 0.505436
10610 10 1.88248 1 16.3 3.37e-05 0.505773
10620 10 1.89145 1.1 14.2 6.33e-05 0.506406
10630 10 1.89145 1.2 16.2 0.0001162 0.507568
10640 10 1.89145 1 15.5 4.9e-05 0.508058
10650 10 1.89145 1 16.5 5.87e-05 0.508645
10660 10 1.89945 1.2 14.9 0.0001139 0.509784
10670 10 1.9091 1.1 14.6 0.0001174 0.510958
10680 10 1.9091 1 13.5 4.41e-05 0.511399
10690 10 1.9091 1 16.2 6.03e-05 0.512002
10700 10 1.9091 1.4 26.2 0.0001358 0.51336
10710 10 1.9091 1.1 17.2 6.72e-05 0.514032
10720 10 1.9091 1 16.2 4.02e-05 0.514434
10730 10 1.91796 1.1 13.2 9.08e-05 0.515342
10740 10 1.92232 1.2 21.3 0.0001177 0.516519
10750 10 1.92232 1.2 20.3 0.0001147 0.517666
10760 10 1.92232 1.2 21.1 0.0001115 0.518781
10770 10 1.92232 1.2 18.7 0.0001083 0.519864
10780 10 1.92232 1.1 21.6 0.0001309 0.521173
10790 10 1.92232 1.2 17.6 4.58e-05 0.521631
10800 10 1.92232 1.1 21.2 7.76e-05 0.522407
10810 10 1.92232 1.1 16.1 5.64e-05 0.522971
10820 10 1.92983 1 20.6 8.99e-05 0.52387
10830 10 1.92983 1.2 24.3 9.53e-05 0.524823
10840 10 1.92983 1.2 20.4 0.0001307 0.52613
10850 10 1.92983 1 13.4 5.33e-05 0.526663
10860 10 1.92983 1.1 20.9 5.16e-05 0.527179
10870 10 1.92983 1.1 27.1 7.95e-05 0.527974
10880 10 1.92983 1.1 13.7 0.0001132 0.529106
10890 10 1.92983 1 20.5 5.76e-05 0.529682
10900 10 1.92983 1.1 19.4 0.0001174 0.530856
10910 10 1.92983 1 17.4 6.18e-05 0.531474
10920 10 1.92983 1.1 16.3 5.01e-05 0.531975
10930 10 1.92983 1.3 21 0.0001263 0.533238
10940 10 1.92983 1.1 25.7 0.0001174 0.534412
10950 10 1.92983 1.2 21 0.0001339 0.535751
10960 10 1.92983 1 14.5 0.0001232 0.536983
10970 10 1.92983 1.4 24.1 0.0001589 0.538572
10980 10 1.92983 1.1 20.3 0.0001275 0.539847
10990 10 1.92983 1.1 21 0.0001331 0.541178
11000 10 1.93345 1 24.4 6.95e-05 0.541873
11010 10 1.93345 1 13.1 7.5e-05 0.542623
11020 10 1.93345 1.2 17.7 0.0001252 0.543875
11030 10 1.93345 1.1 16.9 0.0001111 0.544986
11040 10 1.93345 1.1 20.5 0.0001286 0.546272
11050 10 1.93345 1.3 20.6 0.0001086 0.547358
11060 10 1.93345 1.2 17.4 0.0001596 0.548954
11070 10 1.93345 1 17.5 5.69e-05 0.549523
11080 10 1.93345 1.1 20.2 0.000123 0.550753
11090 10 1.93677 1 18.9 4.8e-05 0.551233
11100 10 1.93677 1.1 14.9 8.43e-05 0.552076
11110 10 1.93677 1.2 18.1 9.39e-05 0.553015
11120 10 1.93677 1 18.3 6.52e-05 0.553667
11130 10 1.93677 1.1 15 9.8e-05 0.554647
11140 10 1.93677 1 23.3 0.000103 0.555677
11150 10 1.93677 1.2 23.4 0.0001201 0.556878
11160 10 1.93677 1 22.6 5.15e-05 0.557393
11170 10 1.93677 1.1 19.2 0.000131 0.558703
11180 10 1.93677 1.1 16.7 0.0001109 0.559812
11190 10 1.93677 1 14.1 7.19e-05 0.560531
11200 10 1.93677 1.2 25 0.0001215 0.561746
11210 10 1.94538 1.2 20.8 0.0001083 0.562829
11220 10 1.94538 1.2 19.4 0.0001147 0.563976
11230 10 1.94538 1.1 17.5 7.1e-05 0.564686
11240 10 1.94538 1 22.1 0.0001093 0.565779
11250 10 1.94538 1.2 15.7 0.0001244 0.567023
11260 10 1.94538 1 19.8 0.0001217 0.56824
11270 10 1.94538 1 19.1 8.83e-05 0.569123
11280 10 1.94538 1.2 23.3 0.0001401 0.570524
11290 10 1.94538 1.1 20.8 0.0001262 0.571786
11300 10 1.94538 1.1 20.3 7.93e-05 0.572579
11310 10 1.94538 1.1 29.4 9.61e-05 0.57354
11320 10 1.94538 1.4 25.5 0.0001739 0.575279
11330 10 1.94538 1 21.5 5.16e-05 0.575795
11340 10 1.94538 1.1 16.2 6.55e-05 0.57645
11350 10 1.94538 1 13.8 4.48e-05 0.576898
11360 10 1.94538 1.1 14.6 8.54e-05 0.577752
11370 10 1.94538 1 19.7 8.09e-05 0.578561
11380 10 1.94538 1.3 18.1 0.0001162 0.579723
11390 10 1.94538 1 14 4.45e-05 0.580168
11400 10 1.94538 1.3 27.7 0.0001446 0.581614
11410 10 1.94538 1.3 25.9 0.000175 0.583364
11420 10 1.94538 1.1 14 6.44e-05 0.584008
11430 10 1.94538 1.1 14.9 0.0001008 0.585016
11440 10 1.94538 1.1 16.8 5.7e-05 0.585586
11450 10 1.94538 1 17.8 6.15e-05 0.586201
11460 10 1.94538 1.1 12.8 6.29e-05 0.58683
11470 10 1.94538 1.2 15.7 0.000132 0.58815
11480 10 1.94901 1.1 17.6 0.0001244 0.589394
11490 10 1.9532 1.1 16.6 0.0001151 0.590545
11500 10 1.9532 1.3 18.4 0.000139 0.591935
11510 10 1.9532 1.2 17.6 9.23e-05 0.592858
11520 10 1.9532 1 14.8 5e-05 0.593358
11530 10 1.9532 1.1 17.5 0.000102 0.594378
11540 10 1.9532 1.3 21 0.0001244 0.595622
11550 10 1.9532 1 21.2 0.0001325 0.596947
11560 10 1.96067 1.1 17.3 9.52e-05 0.597899
11570 10 1.96067 1.2 16.3 9.17e-05 0.598816
11580 10 1.96067 1.1 22 0.0001304 0.60012
11590 10 1.96067 1 11.2 0.0001203 0.601323
11600 10 1.96067 1.1 14 0.0001 0.602323
11610 10 1.96067 1.1 16.1 0.0001177 0.6035
11620 10 1.96067 1 14.5 4.26e-05 0.603926
11630 10 1.96421 1.1 18.9 0.0001223 0.605149
11640 10 1.96421 1.2 22.1 0.0001614 0.606763
11650 10 1.96421 1.1 18.9 0.0001285 0.608048
11660 10 1.96421 1 16.8 5.07e-05 0.608555
11670 10 1.96421 1.1 17.5 0.0001068 0.609623
11680 10 1.96421 1.2 21.5 0.0001528 0.611151
11690 10 1.9719 1.3 21 0.0001376 0.612527
11700 10 1.9719 1.2 20.6 9.27e-05 0.613454
11710 10 1.9719 1.1 15 9.03e-05 0.614357
11720 10 1.9719 1 18.5 5.23e-05 0.61488
11730 10 1.9719 1.3 26.2 0.0001725 0.616605
11740 10 1.9719 1.1 13.4 0.0001203 0.617808
11750 10 1.9719 1.1 19.9 7.09e-05 0.618517
11760 10 1.97759 1.1 18 0.0001296 0.619813
11770 10 1.97759 1.2 22.9 0.0001248 0.621061
11780 10 1.97759 1 16.5 4.12e-05 0.621473
11790 10 1.97759 1.1 18.9 0.0001292 0.622765
11800 10 1.97759 1.1 17 0.0001358 0.624123
11810 10 1.97759 1.2 16.1 0.0001544 0.625667
11820 10 1.97759 1.2 23.2 0.000143 0.627097
11830 10 1.97759 1 16.3 5.74e-05 0.627671
11840 10 1.97759 1.1 24.2 0.0001216 0.628887
11850 10 1.97759 1 16.4 4.42e-05 0.629329
11860 10 1.97759 1 19.8 5.69e-05 0.629898
11870 10 1.98742 1.2 15.3 8.99e-05 0.630797
11880 10 1.98742 1 15.4 5e-05 0.631297
11890 10 1.98742 1.1 17 0.0001213 0.63251
11900 10 1.98742 1.1 19.8 7.38e-05 0.633248
11910 10 1.98742 1.3 22.3 0.0001227 0.634475
11920 10 1.98742 1.2 22 0.0001437 0.635912
11930 10 1.98742 1.3 17.2 0.000165 0.637562
11940 10 1.98742 1 22.3 4.22e-05 0.637984
11950 10 1.98742 1.1 16.6 9.36e-05 0.63892
11960 10 1.98742 1 20.9 8.27e-05 0.639747
11970 10 1.98742 1.1 15.6 0.0001095 0.640842
11980 10 1.98742 1.1 21.5 0.0001296 0.642138
11990 10 1.98742 1.2 16.5 0.0001665 0.643803
12000 10 1.98742 1.1 23.3 8.76e-05 0.644679
12010 10 1.98742 1.1 15.1 0.0001191 0.64587
12020 10 1.98742 1.1 14 0.0001095 0.646965
12030 10 1.98742 1 16.9 6.62e-05 0.647627
12040 10 1.98742 1.3 19.5 0.0001384 0.649011
12050 10 1.98742 1.5 19.3 0.0001598 0.650609
12060 10 1.98742 1 18 6.08e-05 0.651217
12070 10 1.98742 1 13 6.69e-05 0.651886
12080 10 1.99539 1.1 16.3 6.15e-05 0.652501
12090 10 2.00335 1 13.7 4.38e-05 0.652939
12100 10 2.00335 1.1 16 0.0001465 0.654404
12110 10 2.00335 1.1 23.2 6.22e-05 0.655026
12120 10 2.00335 1.1 20.6 0.0001327 0.656353
12130 10 2.00335 1.1 16.1 8.88e-05 0.657241
12140 10 2.00335 1 13.5 6.57e-05 0.657898
12150 10 2.00335 1.2 22.5 0.0001207 0.659105
12160 10 2.00983 1 11.4 5.97e-05 0.659702
12170 10 2.01873 1.1 28.3 0.0001005 0.660707
12180 10 2.01873 1 16.5 0.0001315 0.662022
12190 10 2.01873 1.1 21.6 0.0001332 0.663354
12200 10 2.01873 1.2 27.7 0.0001229 0.664583
12210 10 2.01873 1.2 18.4 0.0001491 0.666074
12220 10 2.01873 1.1 22.6 0.0001288 0.667362
12230 10 2.01873 1 14.4 9.86e-05 0.668348
12240 10 2.01873 1.1 16 0.0001403 0.669751
12250 10 2.01873 1 18.1 4.81e-05 0.670232
12260 10 2.01873 1 16.8 7.87e-05 0.671019
12270 10 2.01873 1.1 15.5 8.98e-05 0.671917
12280 10 2.01873 1.3 18 0.0001572 0.673489
12290 10 2.01873 1 15.1 4.64e-05 0.673953
12300 10 2.01873 1.1 22.3 6.91e-05 0.674644
12310 10 2.01873 1.1 19.6 0.0001115 0.675759
12320 10 2.01873 1 21.2 9.33e-05 0.676692
12330 10 2.01873 1 19 4.32e-05 0.677124
12340 10 2.01873 1.1 19.6 0.0001334 0.678458
12350 10 2.01873 1 21 7.43e-05 0.679201
12360 10 2.02824 1.1 16.7 0.0001405 0.680606
12370 10 2.02824 1.2 29.2 0.0001657 0.682263
12380 10 2.03011 1 13.5 7.14e-05 0.682977
12390 10 2.03011 1.3 21.2 0.0001505 0.684482
12400 10 2.03343 1 17.6 5.88e-05 0.68507
12410 10 2.03343 1.2 21.8 0.0001207 0.686277
12420 10 2.03343 1.3 19.4 0.0001678 0.687955
12430 10 2.03896 1 22.5 0.0001045 0.689
12440 10 2.03896 1.2 16 8.6e-05 0.68986
12450 10 2.03896 1 20.8 7.01e-05 0.690561
12460 10 2.03896 1.2 12.9 9.65e-05 0.691526
12470 10 2.03896 1 17.1 4.28e-05 0.691954
12480 10 2.03896 1.2 23 0.0001161 0.693115
12490 10 2.03896 1.2 16.7 9.3e-05 0.694045
12500 10 2.03896 1.2 19.8 0.0001312 0.695357
12510 10 2.03896 1 13.1 4.64e-05 0.695821
12520 10 2.03896 1 13 8.76e-05 0.696697
12530 10 2.03896 1 23.2 5.58e-05 0.697255
12540 10 2.03896 1.1 15.9 6.28e-05 0.697883
12550 10 2.03896 1.1 17.3 0.0001006 0.698889
12560 10 2.03896 1.2 22.5 0.0001334 0.700223
12570 10 2.03896 1.2 25.3 0.0001517 0.70174
12580 10 2.03896 1.1 15 0.0001002 0.702742
12590 10 2.03896 1.1 15 8.74e-05 0.703616
12600 10 2.03896 1.1 13.1 7.23e-05 0.704339
12610 10 2.03896 1 20.4 6.8e-05 0.705019
12620 10 2.03896 1.3 20.5 0.0001804 0.706823
12630 10 2.03896 1.2 11.4 0.0001377 0.7082
12640 10 2.03896 1.1 19.9 0.0001336 0.709536
12650 10 2.03896 1.4 16.9 0.0001495 0.711031
12660 10 2.0406 1.6 22.9 0.0002136 0.713167
12670 10 2.05386 1 15.4 0.0001004 0.714171
12680 10 2.05386 1 17.1 7.81e-05 0.714952
12690 10 2.05386 1.1 31.6 7.98e-05 0.71575
12700 10 2.05386 1.2 19.9 0.0001411 0.717161
12710 10 2.05742 1 17.6 0.0001484 0.718645
12720 10 2.05742 1 19 5.32e-05 0.719177
12730 10 2.05742 1 15.5 7.13e-05 0.71989
12740 10 2.06478 1 21.2 5.3e-05 0.72042
12750 10 2.06478 1.1 15 6.17e-05 0.721037
12760 10 2.06478 1 17.1 4.41e-05 0.721478
12770 10 2.06478 1.1 12.8 0.0001209 0.722687
12780 10 2.06478 1.1 19 9.57e-05 0.723644
12790 10 2.06478 1.1 23.3 0.000126 0.724904
12800 10 2.06478 1.2 20 0.0001608 0.726512
12810 10 2.06478 1.1 18.5 0.0001282 0.727794
12820 10 2.06478 1.1 19.1 0.0001157 0.728951
12830 10 2.06478 1.1 24.2 0.0001571 0.730522
12840 10 2.06478 1 17.8 6.92e-05 0.731214
12850 10 2.06478 1.1 15.2 0.0001508 0.732722
12860 10 2.08209 1 15.2 6.23e-05 0.733345
12870 10 2.08209 1.2 16.3 0.0001372 0.734717
12880 10 2.08209 1.1 16.1 0.0001532 0.736249
12890 10 2.08209 1.1 19.8 0.0001428 0.737677
12900 10 2.08209 1.5 18.2 0.0001576 0.739253
12910 10 2.08209 1.2 20.3 0.000139 0.740643
12920 10 2.08209 1.2 23 0.0001497 0.74214
12930 10 2.0912 1.1 24.1 6.95e-05 0.742835
12940 10 2.0912 1.2 22.6 0.0001228 0.744063
12950 10 2.0912 1.3 30.9 0.0001771 0.745834
12960 10 2.0912 1.1 14.4 0.0001413 0.747247
12970 10 2.09487 1 15.3 5.56e-05 0.747803
12980 10 2.09487 1.1 21.2 0.0001438 0.749241
12990 10 2.09487 1.1 23.8 0.0001526 0.750767
13000 10 2.09487 1 14.9 8.74e-05 0.751641
13010 10 2.09487 1.3 18.3 0.0001869 0.75351
13020 10 2.09487 1 15.2 4.1e-05 0.75392
13030 10 2.09487 1.1 16.8 8.62e-05 0.754782
13040 10 2.09487 1.2 17.7 0.0001222 0.756004
13050 10 2.09487 1.1 19.3 0.0001317 0.757321
13060 10 2.09487 1 16.9 7.52e-05 0.758073
13070 10 2.09487 1.2 26.7 0.0001579 0.759652
13080 10 2.09487 1.1 18.2 0.0001601 0.761253
13090 10 2.09487 1 15.2 8.34e-05 0.762087
13100 10 2.09487 1.2 18.7 0.0001717 0.763804
13110 10 2.09487 1.1 14.1 0.0001283 0.765087
13120 10 2.09487 1.1 16.9 8.51e-05 0.765938
13130 10 2.09487 1.1 28.5 0.0001452 0.76739
13140 10 2.09487 1.2 18.4 0.0001193 0.768583
13150 10 2.09487 1 18.2 0.0001134 0.769717
13160 10 2.09487 1.1 14.7 0.0001018 0.770735
13170 10 2.09487 1 13.2 6.63e-05 0.771398
13180 10 2.09487 1 16.1 9.64e-05 0.772362
13190 10 2.09487 1 18.5 5.55e-05 0.772917
13200 10 2.09487 1 16.9 5.64e-05 0.773481
13210 10 2.09487 1 18 7.25e-05 0.774206
13220 10 2.09487 1 13.3 4.19e-05 0.774625
13230 10 2.09487 1 15.4 9.16e-05 0.775541
13240 10 2.09487 1 15.5 5.04e-05 0.776045
13250 10 2.09487 1.3 16.5 0.0001294 0.777339
13260 10 2.09487 1 13.2 0.0001092 0.778431
13270 10 2.09487 1.1 20.1 0.0001102 0.779533
13280 10 2.09487 1.1 17.4 0.000146 0.780993
13290 10 2.09487 1 17.6 6.42e-05 0.781635
13300 10 2.09487 1.1 13 0.0001243 0.782878
13310 10 2.09487 1 14 4.42e-05 0.78332
13320 10 2.09487 1.2 14.6 0.000174 0.78506
13330 10 2.09487 1 14.6 6.22e-05 0.785682
13340 10 2.09487 1.2 22.7 0.0001849 0.787531
13350 10 2.09487 1.3 26.5 0.0001634 0.789165
13360 10 2.09487 1.1 20.1 0.0001444 0.790609
13370 10 2.09487 1 17.7 9.84e-05 0.791593
13380 10 2.09487 1.1 18.7 8.47e-05 0.79244
13390 10 2.09487 1 19.1 0.0001777 0.794217
13400 10 2.09487 1 18.6 7.68e-05 0.794985
13410 10 2.09487 1.1 18.8 7.47e-05 0.795732
13420 10 2.09487 1.2 11.9 0.0001127 0.796859
13430 10 2.09487 1 14.5 4.69e-05 0.797328
13440 10 2.09487 1.1 17.6 0.0001479 0.798807
13450 10 2.10386 1.2 15.7 0.0001126 0.799933
13460 10 2.10386 1 12.7 4.31e-05 0.800364
13470 10 2.10386 1.1 16.9 0.0001501 0.801865
13480 10 2.10386 1.1 17.5 0.0001101 0.802966
13490 10 2.10672 1.1 19.9 0.0001499 0.804465
13500 10 2.10672 1.2 21.3 0.0001129 0.805594
13510 10 2.10672 1.1 15.5 0.000143 0.807024
13520 10 2.10672 1 23.9 9.06e-05 0.80793
13530 10 2.10672 1 15.9 5.69e-05 0.808499
13540 10 2.10672 1.1 17.5 0.0001436 0.809935
13550 10 2.11476 1 15.6 7.01e-05 0.810636
13560 10 2.11476 1.3 17.3 0.0001601 0.812237
13570 10 2.11476 1 22.5 9.71e-05 0.813208
13580 10 2.11476 1.1 14.3 0.0001113 0.814321
13590 10 2.11476 1.1 22.5 0.0001261 0.815582
13600 10 2.11476 1.1 22.3 9.73e-05 0.816555
13610 10 2.11476 1 23.3 0.0001319 0.817874
13620 10 2.11476 1.2 18.5 0.0001733 0.819607
13630 10 2.11476 1.3 23.2 0.0001958 0.821565
13640 10 2.11538 1.1 24.3 0.0001 0.822565
13650 10 2.12297 1.2 16.3 0.0001618 0.824183
13660 10 2.12297 1.1 15.9 0.0001463 0.825646
13670 10 2.12297 1.2 21.4 0.0001485 0.827131
13680 10 2.12297 1.2 25.9 0.0001634 0.828765
13690 10 2.12297 1 15.3 4.94e-05 0.829259
13700 10 2.12297 1 9.8 5.92e-05 0.829851
13710 10 2.12297 1.1 18.5 5.83e-05 0.830434
13720 10 2.12297 1.1 18.2 0.0001378 0.831812
13730 10 2.12297 1.1 17.2 9.63e-05 0.832775
13740 10 2.12297 1.2 18 0.0001698 0.834473
13750 10 2.12297 1 15.6 8.2e-05 0.835293
13760 10 2.12297 1 13.6 4.53e-05 0.835746
13770 10 2.12297 1 23.9 6.26e-05 0.836372
13780 10 2.12297 1.2 16 0.0001404 0.837776
13790 10 2.12297 1 14.9 6.78e-05 0.838454
13800 10 2.12297 1.2 13.5 0.0001481 0.839935
13810 10 2.12297 1.1 16.5 0.0001007 0.840942
13820 10 2.12297 1.1 20.5 0.0001478 0.84242
13830 10 2.12297 1.2 19.6 9.22e-05 0.843342
13840 10 2.12297 1.1 22.6 0.0001877 0.845219
13850 10 2.12297 1 21.8 5.74e-05 0.845793
13860 10 2.12297 1.2 15.1 0.0001699 0.847492
13870 10 2.12297 1.1 15.6 8.23e-05 0.848315
13880 10 2.12297 1.1 15.5 0.0001292 0.849607
13890 10 2.12297 1.2 25.9 0.0001559 0.851166
13900 10 2.12297 1 11.4 4.53e-05 0.851619
13910 10 2.12297 1 16.8 5.66e-05 0.852185
13920 10 2.12297 1.1 10.8 4.93e-05 0.852678
13930 10 2.12297 1 13.6 4.62e-05 0.85314
13940 10 2.12297 1.3 19.8 0.0001655 0.854795
13950 10 2.12297 1.1 15.5 6.39e-05 0.855434
13960 10 2.12297 1.2 17.9 0.0001524 0.856958
13970 10 2.12297 1 13.3 5.7e-05 0.857528
13980 10 2.12297 1 14.6 4.7e-05 0.857998
13990 10 2.12297 1.1 17.8 9.69e-05 0.858967
14000 10 2.12297 1 19.4 6.31e-05 0.859598
14010 10 2.12297 1.1 23.7 0.0001646 0.861244
14020 10 2.12297 1 13.5 4.53e-05 0.861697
14030 10 2.12297 1 16.1 6.93e-05 0.86239
14040 10 2.12297 1 12.7 4.89e-05 0.862879
14050 10 2.12297 1 21.7 7.22e-05 0.863601
14060 10 2.12297 1.1 23.4 0.0001697 0.865298
14070 10 2.12297 1 12.5 0.000128 0.866578
14080 10 2.12297 1 11.1 5.01e-05 0.867079
14090 10 2.12297 1 26.4 0.0001091 0.86817
14100 10 2.12914 1 19.8 6.15e-05 0.868785
14110 10 2.12914 1.3 15.9 0.0001626 0.870411
14120 10 2.12914 1 13.2 9.07e-05 0.871318
14130 10 2.12914 1 17.4 6.13e-05 0.871931
14140 10 2.12914 1.1 21.9 8.82e-05 0.872813
14150 10 2.12914 1.2 25.1 0.0001536 0.874349
14160 10 2.12914 1 21.1 0.0001669 0.876018
14170 10 2.12914 1.2 16.2 0.0001583 0.877601
14180 10 2.12914 1 12.5 6.14e-05 0.878215
14190 10 2.12914 1 13.8 0.0001281 0.879496
14200 10 2.12914 1 21.1 9.95e-05 0.880491
14210 10 2.12914 1.1 17.1 0.0001576 0.882067
14220 10 2.12914 1 15.4 8.02e-05 0.882869
14230 10 2.12914 1.3 18.1 0.0001796 0.884665
14240 10 2.12914 1 20.5 4.95e-05 0.88516
14250 10 2.12914 1 23.1 6.6e-05 0.88582
14260 10 2.13813 1.2 17.3 0.0001442 0.887262
14270 10 2.1424 1 13 4.09e-05 0.887671
14280 10 2.1424 1 21.2 0.0001042 0.888713
14290 10 2.15085 1.2 14 0.000109 0.889803
14300 10 2.16005 1 15.9 5.26e-05 0.890329
14310 10 2.16005 1.2 13.1 0.0001456 0.891785
14320 10 2.16005 1.1 18.7 0.0001596 0.893381
14330 10 2.16005 1 12.6 5.68e-05 0.893949
14340 10 2.16005 1 20.1 0.0001336 0.895285
14350 10 2.16005 1.4 21 0.0002148 0.897433
14360 10 2.16005 1.1 14.7 8.97e-05 0.89833
14370 10 2.16005 1 23.2 8.48e-05 0.899178
14380 10 2.16746 1.1 16 8.76e-05 0.900054
14390 10 2.16746 1 14.6 4.18e-05 0.900472
14400 10 2.16746 1 14 7.71e-05 0.901243
14410 10 2.16746 1 18.6 0.0001041 0.902284
14420 10 2.16746 1.1 18.8 8.71e-05 0.903155
14430 10 2.16746 1 16.1 0.0001131 0.904286
14440 10 2.16746 1.1 20.5 7.09e-05 0.904995
14450 10 2.16746 1.1 18.4 0.0001488 0.906483
14460 10 2.16746 1.1 18.3 9.86e-05 0.907469
14470 10 2.16746 1.1 19.9 0.0001648 0.909117
14480 10 2.16746 1.2 24.2 0.0001222 0.910339
14490 10 2.17931 1 14 9.3e-05 0.911269
14500 10 2.17931 1.2 20.2 9.5e-05 0.912219
14510 10 2.17931 1.1 19.3 0.0001211 0.91343
14520 10 2.17963 1.2 19.3 0.0001395 0.914825
14530 10 2.17963 1 19.3 6.62e-05 0.915487
14540 10 2.17963 1.1 16.5 0.0001062 0.916549
14550 10 2.17963 1 19.6 5.34e-05 0.917083
14560 10 2.17963 1.1 20.1 0.0001353 0.918436
14570 10 2.17963 1.2 17.2 0.000176 0.920196
14580 10 2.17963 1.1 18.2 0.0001043 0.921239
14590 10 2.17963 1.2 20.8 0.0001297 0.922536
14600 10 2.17963 1.1 17.1 9.89e-05 0.923525
14610 10 2.17963 1 14.7 5.61e-05 0.924086
14620 10 2.17963 1.1 12.9 0.0001463 0.925549
14630 10 2.17963 1 15.5 9.82e-05 0.926531
14640 10 2.17963 1.2 19.7 0.0001205 0.927736
14650 10 2.17963 1.1 21.2 9.33e-05 0.928669
14660 10 2.17963 1.1 17.4 8.59e-05 0.929528
14670 10 2.1869 1 21.2 7.8e-05 0.930308
14680 10 2.19498 1.1 18.1 0.0001136 0.931444
14690 10 2.19527 1 11.6 4.73e-05 0.931917
14700 10 2.20203 1.1 12.7 6.62e-05 0.932579
14710 10 2.20203 1.1 14.2 0.000127 0.933849
14720 10 2.20203 1.1 14.7 0.0001096 0.934945
14730 10 2.20242 1.4 19 0.0001723 0.936668
14740 10 2.20242 1.2 20.9 0.0001299 0.937967
14750 10 2.20799 1 15 6.74e-05 0.938641
14760 10 2.21582 1.2 19.2 0.0001708 0.940349
14770 10 2.21582 1.2 15.4 0.0001365 0.941714
14780 10 2.21582 1 15 5.3e-05 0.942244
14790 10 2.21582 1 14.2 3.72e-05 0.942616
14800 10 2.21582 1 14.4 5.74e-05 0.94319
14810 10 2.21582 1 18.4 0.0001224 0.944414
14820 10 2.21731 1.2 18.1 0.0001033 0.945447
14830 10 2.22452 1 18.6 6.95e-05 0.946142
14840 10 2.22452 1.1 16.2 0.00016 0.947742
14850 10 2.22452 1.1 22.4 0.0001437 0.949179
14860 10 2.22452 1 19.3 9.19e-05 0.950098
14870 10 2.22452 1 14.3 5.73e-05 0.950671
14880 10 2.22994 1 28.4 0.000121 0.951881
14890 10 2.22994 1.2 24 0.0001798 0.953679
14900 10 2.22994 1.2 14.9 0.0001213 0.954892
14910 10 2.23118 1 13.5 5.06e-05 0.955398
14920 10 2.23118 1.2 18.1 0.0001683 0.957081
14930 10 2.23463 1.1 16.6 0.0001178 0.958259
14940 10 2.24049 1.3 15.4 0.0001435 0.959694
14950 10 2.24049 1.1 20.8 8.25e-05 0.960519
14960 10 2.24049 1.3 16.3 0.0002221 0.96274
14970 10 2.24049 1.1 16.6 0.0001638 0.964378
14980 10 2.24049 1 11.3 4.38e-05 0.964816
14990 10 2.24049 1 20 0.0001636 0.966452
15000 10 2.24049 1.5 25.5 0.0002252 0.968704
15010 10 2.24049 1.2 19.3 0.0001045 0.969749
15020 10 2.24049 1.1 22.6 9.78e-05 0.970727
15030 10 2.24049 1 16.6 6.21e-05 0.971348
15040 10 2.24883 1.2 26.3 0.0001758 0.973106
15050 10 2.24883 1 11.5 5.67e-05 0.973673
15060 10 2.24883 1 22.8 9.94e-05 0.974667
15070 10 2.24883 1 14.4 6.08e-05 0.975275
15080 10 2.24883 1.2 17.6 0.0001255 0.97653
15090 10 2.24883 1.4 18.7 0.0001946 0.978476
15100 10 2.25368 1 13.1 4.97e-05 0.978973
15110 10 2.25368 1.1 14.9 0.0001565 0.980538
15120 10 2.25368 1 14.8 4.89e-05 0.981027
15130 10 2.25368 1 12.2 4.72e-05 0.981499
15140 10 2.25368 1 15.4 5.86e-05 0.982085
15150 10 2.26066 1.2 23.6 0.0001422 0.983507
15160 10 2.26066 1.2 15.8 0.0001627 0.985134
15170 10 2.26066 1.1 19.9 0.0001642 0.986776
15180 10 2.26066 1.2 18.8 0.0001595 0.988371
15190 10 2.26066 1.1 19.4 0.0001464 0.989835
15200 10 2.26066 1.2 20.3 0.000175 0.991585
15210 10 2.26658 1 14.3 0.0002341 0.993926
15220 10 2.26658 1.1 15.4 0.0001502 0.995428
15230 10 2.26658 1.2 23.3 0.0002289 0.997717
15240 10 2.26658 1.1 14 0.0001651 0.999368
15250 10 2.26658 1.1 15.7 9.94e-05 1.00036
15260 10 2.26658 1.2 26.4 0.0001364 1.00173
15270 10 2.27555 1.1 29.3 0.0001653 1.00338
15280 10 2.27555 1 18.2 0.0001183 1.00456
15290 10 2.27555 1.1 16.9 9.43e-05 1.00551
15300 10 2.27555 1 17.5 7.42e-05 1.00625
15310 10 2.27559 1 12.4 5.54e-05 1.0068
15320 10 2.27559 1.2 16.9 0.0001736 1.00854
15330 10 2.2816 1.2 19.3 0.0001648 1.01019
15340 10 2.2816 1.1 20.4 0.0001274 1.01146
15350 10 2.2816 1.1 12.8 0.0001298 1.01276
15360 10 2.2816 1 22.8 9.28e-05 1.01369
15370 10 2.28372 1.1 20.6 0.0001455 1.01514
15380 10 2.29311 1 10.7 7.47e-05 1.01589
15390 10 2.29311 1.1 18.6 0.0001526 1.01741
15400 10 2.29311 1.1 16.5 9.95e-05 1.01841
15410 10 2.29311 1.4 25.9 0.0002426 1.02083
15420 10 2.29311 1 19.7 6.48e-05 1.02148
15430 10 2.29311 1 24.2 0.0001138 1.02262
15440 10 2.29933 1 18.7 8.33e-05 1.02345
15450 10 2.29933 1.2 16.8 0.000207 1.02552
15460 10 2.29933 1.1 15.7 0.000152 1.02704
15470 10 2.29933 1.1 21.7 0.0001013 1.02806
15480 10 2.29933 1 18.8 4.14e-05 1.02847
15490 10 2.29933 1 21.8 5.64e-05 1.02903
15500 10 2.29933 1 13.5 4.77e-05 1.02951
15510 10 2.29933 1 10.6 5.43e-05 1.03005
15520 10 2.30783 1.1 19.7 0.0001063 1.03112
15530 10 2.30783 1.1 12 0.0001095 1.03221
15540 10 2.30783 1.1 16.4 0.0001221 1.03343
15550 10 2.30783 1.1 12.9 0.0001047 1.03448
15560 10 2.30783 1 19.7 6.01e-05 1.03508
15570 10 2.30783 1 19.5 0.0001458 1.03654
15580 10 2.31678 1.1 17.3 0.000132 1.03786
15590 10 2.31678 1 20.7 0.0001022 1.03888
15600 10 2.31678 1.1 18.4 9.3e-05 1.03981
15610 10 2.31678 1 16.6 8.91e-05 1.0407
15620 10 2.31678 1.2 22.8 0.0001368 1.04207
15630 10 2.31678 1 15.2 6.92e-05 1.04276
15640 10 2.31678 1.2 21.6 0.000199 1.04475
15650 10 2.31678 1 14.3 6.91e-05 1.04544
15660 10 2.31678 1.1 19.2 0.0001128 1.04657
15670 10 2.31678 1.1 25.6 0.0001847 1.04842
15680 10 2.31678 1 17 0.0001129 1.04955
15690 10 2.31678 1.1 19 0.0001057 1.0506
15700 10 2.31678 1 16.2 7.07e-05 1.05131
15710 10 2.31678 1.1 19.1 0.0001676 1.05299
15720 10 2.31678 1.1 12.9 6.81e-05 1.05367
15730 10 2.31678 1.2 26.8 0.0002111 1.05578
15740 10 2.31678 1.2 19.8 0.0001838 1.05762
15750 10 2.3256 1.4 22.9 0.0002239 1.05986
15760 10 2.3256 1.2 20.7 0.0001595 1.06145
15770 10 2.3256 1.1 19 8.71e-05 1.06232
15780 10 2.3256 1.1 16 0.0001196 1.06352
15790 10 2.3256 1.1 21.2 0.0001073 1.06459
15800 10 2.3256 1.1 14.5 9.84e-05 1.06558
15810 10 2.3256 1.1 17.5 9.25e-05 1.0665
15820 10 2.33328 1.1 11.8 0.0001518 1.06802
15830 10 2.33328 1.1 15.7 0.000119 1.06921
15840 10 2.33328 1.2 17.9 0.0001593 1.0708
15850 10 2.33328 1.3 18.6 0.0002127 1.07293
15860 10 2.33328 1.1 24.7 9.67e-05 1.0739
15870 10 2.33328 1.1 12.3 0.0001536 1.07543
15880 10 2.33328 1.2 14 0.0001855 1.07729
15890 10 2.34122 1 14.8 4.73e-05 1.07776
15900 10 2.34122 1 20.9 7.17e-05 1.07848
15910 10 2.34122 1 16.4 5.1e-05 1.07899
15920 10 2.34122 1.1 14.4 0.0001509 1.0805
15930 10 2.34982 1.2 16.1 9.38e-05 1.08143
15940 10 2.34982 1.1 22.5 0.0001371 1.0828
15950 10 2.34982 1.1 18.7 6.54e-05 1.08346
15960 10 2.34982 1.1 18.1 0.0001179 1.08464
15970 10 2.34982 1 16.9 0.0001359 1.086
15980 10 2.34982 1.1 25.7 0.0001819 1.08782
15990 10 2.34982 1.2 18.7 0.0002015 1.08983
16000 10 2.34982 1 19.4 0.0001392 1.09122
16010 10 2.34982 1.2 30.2 0.0001958 1.09318
16020 10 2.34982 1.3 24.6 0.0001734 1.09491
16030 10 2.34982 1.3 20.4 0.0001987 1.0969
16040 10 2.34982 1.1 16.8 0.0001744 1.09865
16050 10 2.34982 1 21 6.6e-05 1.09931
16060 10 2.34982 1 22.3 0.0001117 1.10042
16070 10 2.34982 1.1 16 0.0001218 1.10164
16080 10 2.34982 1 19.4 8.13e-05 1.10245
16090 10 2.34982 1.1 20.1 0.0001329 1.10378
16100 10 2.34982 1.2 19.9 0.000138 1.10516
16110 10 2.34982 1.3 23.4 0.0002652 1.10781
16120 10 2.34982 1.2 20.5 0.0001622 1.10944
16130 10 2.34982 1.1 18.3 9.13e-05 1.11035
16140 10 2.3539 1.2 21.4 0.0001493 1.11184
16150 10 2.3539 1 17.9 5.97e-05 1.11244
16160 10 2.3539 1 14.6 6.57e-05 1.1131
16170 10 2.36159 1.2 17.2 0.0001491 1.11459
16180 10 2.36159 1.2 19.7 0.0001714 1.1163
16190 10 2.36159 1.1 18 0.0001371 1.11767
16200 10 2.36159 1 27.6 9.32e-05 1.1186
16210 10 2.3703 1.1 22.2 0.0001365 1.11997
16220 10 2.3703 1.1 22.6 0.0001769 1.12174
16230 10 2.3703 1.2 13.8 0.0002045 1.12378
16240 10 2.3703 1 17.1 6.99e-05 1.12448
16250 10 2.3703 1 13.7 9.23e-05 1.12541
16260 10 2.3703 1.1 26.1 0.0001788 1.12719
16270 10 2.3703 1.1 24.1 0.0001968 1.12916
16280 10 2.3703 1.2 21.1 8.56e-05 1.13002
16290 10 2.3703 1 16.6 9.3e-05 1.13095
16300 10 2.3703 1 16.8 7.46e-05 1.13169
16310 10 2.3703 1 16.3 6.3e-05 1.13232
16320 10 2.37726 1.1 16.3 0.0001102 1.13343
16330 10 2.37726 1 22.7 0.000115 1.13458
16340 10 2.37726 1.1 15.1 0.000105 1.13563
16350 10 2.37726 1.3 17.8 0.0002223 1.13785
16360 10 2.37726 1.1 18.6 0.0001639 1.13949
16370 10 2.37726 1.1 16.2 0.000132 1.14081
16380 10 2.37726 1.2 19.9 0.0001441 1.14225
16390 10 2.37726 1 14.6 5.37e-05 1.14279
16400 10 2.37965 1 19.3 0.0001263 1.14405
16410 10 2.37965 1.3 31 0.0002058 1.14611
16420 10 2.37965 1.1 20 0.0001028 1.14713
16430 10 2.37965 1 13.4 6.42e-05 1.14778
16440 10 2.37965 1 16.6 5.36e-05 1.14831
16450 10 2.37965 1 21.8 8.44e-05 1.14916
16460 10 2.3846 1.1 22.9 0.0001412 1.15057
16470 10 2.3846 1.4 20.8 0.000226 1.15283
16480 10 2.3846 1 15 6.41e-05 1.15347
16490 10 2.3846 1.1 13.9 0.0001844 1.15531
16500 10 2.38994 1.1 28.8 0.0002686 1.158
16510 10 2.39249 1 15.1 8.95e-05 1.15889
16520 10 2.39475 1.1 22.5 0.0001381 1.16028
16530 10 2.39475 1.2 21 0.0002052 1.16233
16540 10 2.39475 1.2 19.7 0.0001295 1.16362
16550 10 2.39475 1 27.1 0.0001166 1.16479
16560 10 2.39475 1 21.6 0.0001205 1.16599
16570 10 2.39475 1.3 22.7 0.0002379 1.16837
16580 10 2.39475 1 14.6 6.78e-05 1.16905
16590 10 2.39475 1.4 19.9 0.0002102 1.17115
16600 10 2.39475 1.2 17.2 0.0001013 1.17217
16610 10 2.39475 1.3 23.8 0.0002057 1.17422
16620 10 2.39475 1 22 8.35e-05 1.17506
16630 10 2.39475 1 12.4 6.51e-05 1.17571
16640 10 2.4015 1.1 19.7 0.0001572 1.17728
16650 10 2.4015 1.1 23.9 0.0001028 1.17831
16660 10 2.4015 1 17 0.0001127 1.17944
16670 10 2.4015 1.1 20.8 7.33e-05 1.18017
16680 10 2.4015 1.1 25.4 0.0001243 1.18141
16690 10 2.4015 1.2 18.2 0.0001617 1.18303
16700 10 2.4015 1 20.8 9.94e-05 1.18402
16710 10 2.4015 1 14.9 6.1e-05 1.18463
16720 10 2.4015 1.1 18.8 0.0001009 1.18564
16730 10 2.4015 1.1 18 0.0001003 1.18664
16740 10 2.4015 1.1 17.5 0.0001718 1.18836
16750 10 2.4015 1.1 20.1 7.38e-05 1.1891
16760 10 2.4015 1 12.3 6.88e-05 1.18979
16770 10 2.4015 1 19.8 0.0001186 1.19097
16780 10 2.4015 1.1 16.1 0.0001067 1.19204
16790 10 2.4015 1.2 20.8 0.0001747 1.19379
16800 10 2.4015 1 19.2 6.26e-05 1.19441
16810 10 2.4015 1.2 20.1 0.0001803 1.19622
16820 10 2.4015 1 22.5 7.52e-05 1.19697
16830 10 2.40955 1 17 5.34e-05 1.1975
16840 10 2.40955 1 20.8 8.77e-05 1.19838
16850 10 2.41173 1 13.1 4.24e-05 1.1988
16860 10 2.41173 1.2 20.1 0.0001947 1.20075
16870 10 2.41173 1 16.9 0.0001281 1.20203
16880 10 2.41173 1.2 16.7 0.0001598 1.20363
16890 10 2.41173 1.2 19.8 0.0002264 1.20589
16900 10 2.41173 1.1 14.6 0.0001504 1.2074
16910 10 2.41173 1.1 13.3 0.0001245 1.20864
16920 10 2.41173 1.3 19.7 0.000223 1.21087
16930 10 2.41173 1.2 21.1 0.0001973 1.21285
16940 10 2.41973 1 13.9 8.94e-05 1.21374
16950 10 2.41973 1.1 20.8 0.0001621 1.21536
16960 10 2.41973 1 11.1 0.0001279 1.21664
16970 10 2.41973 1.1 20.6 0.0001828 1.21847
16980 10 2.41973 1.1 18.8 8.78e-05 1.21935
16990 10 2.41973 1 19.7 9.68e-05 1.22031
17000 10 2.42882 1.4 24.9 0.0002483 1.2228
17010 10 2.42882 1.2 21 0.0001931 1.22473
17020 10 2.42882 1.1 18.6 9.9e-05 1.22572
17030 10 2.42882 1 14.3 8e-05 1.22652
17040 10 2.42882 1 10.7 4.58e-05 1.22698
17050 10 2.42882 1.2 22.1 0.0001502 1.22848
17060 10 2.42882 1.1 20.6 0.0001693 1.23017
17070 10 2.42882 1 12.8 7.33e-05 1.2309
17080 10 2.42882 1.2 20 0.0001356 1.23226
17090 10 2.42882 1.1 19.9 0.0001419 1.23368
17100 10 2.42882 1.3 16.8 0.0002107 1.23579
17110 10 2.42882 1 13.6 5.41e-05 1.23633
17120 10 2.42882 1 13.3 7.91e-05 1.23712
17130 10 2.42882 1 18.8 9.67e-05 1.23808
17140 10 2.42882 1 13.5 0.0001416 1.2395
17150 10 2.43738 1.2 20.1 0.0001125 1.24063
17160 10 2.43738 1.1 21.5 0.0001435 1.24206
17170 10 2.43738 1.1 15.1 0.0001125 1.24319
17180 10 2.43738 1.1 14.6 0.0001632 1.24482
17190 10 2.43738 1 24.3 7.35e-05 1.24555
17200 10 2.43738 1.2 19.1 0.0001219 1.24677
17210 10 2.43738 1 20.2 7.47e-05 1.24752
17220 10 2.43738 1.1 20.6 0.0001163 1.24868
17230 10 2.43738 1.1 19.6 0.0001409 1.25009
17240 10 2.43738 1.2 13 0.0001068 1.25116
17250 10 2.43738 1.1 19.9 0.0001925 1.25308
17260 10 2.43738 1.1 18.1 0.0001057 1.25414
17270 10 2.43738 1.3 16 0.0002287 1.25643
17280 10 2.43738 1.1 20.2 0.0001452 1.25788
17290 10 2.43738 1.1 16.2 7.86e-05 1.25867
17300 10 2.43738 1.1 20.3 0.0001715 1.26038
17310 10 2.44432 1.2 18.7 0.0001679 1.26206
17320 10 2.44432 1.2 19.3 0.0001879 1.26394
17330 10 2.44623 1.2 19.4 0.0002078 1.26602
17340 10 2.44623 1.1 19.2 0.00011 1.26712
17350 10 2.44986 1.3 18.7 0.0001267 1.26838
17360 10 2.44986 1 18.6 7.08e-05 1.26909
17370 10 2.44986 1 14.3 7.42e-05 1.26983
17380 10 2.45095 1.1 21.7 7.15e-05 1.27055
17390 10 2.45095 1 17.7 8.71e-05 1.27142
17400 10 2.45095 1 10.1 5.36e-05 1.27196
17410 10 2.45095 1.1 13.6 0.0001136 1.27309
17420 10 2.45095 1.2 16.4 0.0001213 1.27431
17430 10 2.45095 1.1 15.6 0.0001962 1.27627
17440 10 2.45095 1.5 20.9 0.0001995 1.27826
17450 10 2.45647 1.1 19.2 7.97e-05 1.27906
17460 10 2.45647 1.1 19.5 0.0001561 1.28062
17470 10 2.45647 1 13 6.18e-05 1.28124
17480 10 2.45647 1.1 19.9 0.0002382 1.28362
17490 10 2.46569 1.1 23 0.0001863 1.28548
17500 10 2.46569 1 17.4 0.0001716 1.2872
17510 10 2.46569 1.1 17.7 7.19e-05 1.28792
17520 10 2.46569 1 21 7.8e-05 1.2887
17530 10 2.46569 1.1 17.9 0.0002112 1.29081
17540 10 2.47167 1 17.3 6.74e-05 1.29148
17550 10 2.47167 1 16.2 0.0001621 1.29311
17560 10 2.476 1.3 19.5 0.000229 1.2954
17570 10 2.476 1.1 17.4 0.0001418 1.29681
17580 10 2.476 1 16.3 7.58e-05 1.29757
17590 10 2.476 1 20 0.0001064 1.29863
17600 10 2.476 1.3 20.6 0.0001845 1.30048
17610 10 2.47978 1.2 14.9 0.0002145 1.30263
17620 10 2.47978 1 18.8 6.08e-05 1.30323
17630 10 2.47978 1.1 23.5 0.0001069 1.3043
17640 10 2.47978 1.2 15.8 0.0001755 1.30606
17650 10 2.47978 1.1 22 0.0002076 1.30813
17660 10 2.47978 1 15.1 5.51e-05 1.30868
17670 10 2.47978 1 21.5 7.47e-05 1.30943
17680 10 2.47978 1.1 24.4 9.64e-05 1.31039
17690 10 2.47978 1.2 17.9 0.0001951 1.31235
17700 10 2.47978 1 14.9 0.0001382 1.31373
17710 10 2.47978 1.2 18.4 0.0001951 1.31568
17720 10 2.47978 1 19.9 0.0001067 1.31675
17730 10 2.47978 1 17.4 6.88e-05 1.31743
17740 10 2.47978 1 17 0.000103 1.31846
17750 10 2.47978 1.3 17.1 0.0002168 1.32063
17760 10 2.47978 1 22.2 0.0001663 1.32229
17770 10 2.48379 1 21.5 8.14e-05 1.32311
17780 10 2.48379 1.2 20.5 0.00012 1.32431
17790 10 2.48379 1.1 23.7 0.0001698 1.32601
17800 10 2.49287 1 17.2 7e-05 1.32671
17810 10 2.50148 1.1 21.4 0.0001643 1.32835
17820 10 2.5077 1.1 19.6 0.0001874 1.33022
17830 10 2.5077 1 20.1 5.57e-05 1.33078
17840 10 2.5077 1 13.5 0.0001055 1.33184
17850 10 2.5077 1.3 19 0.0002921 1.33476
17860 10 2.5077 1.2 17.4 0.0002551 1.33731
17870 10 2.5077 1.1 18.9 0.0001765 1.33907
17880 10 2.5097 1.1 15.8 0.0001534 1.34061
17890 10 2.5097 1.1 16.4 0.0001203 1.34181
17900 10 2.5097 1.2 14.5 0.0001596 1.34341
17910 10 2.5097 1 14.4 6.95e-05 1.3441
17920 10 2.5097 1.1 17.1 0.0001349 1.34545
17930 10 2.5097 1.1 17.5 0.0001479 1.34693
17940 10 2.5097 1.1 20.2 0.0002056 1.34898
17950 10 2.5157 1.2 19.7 8.53e-05 1.34984
17960 10 2.5157 1 20.3 7.96e-05 1.35063
17970 10 2.5157 1.1 15.4 0.000165 1.35228
17980 10 2.5157 1 18.5 6.39e-05 1.35292
17990 10 2.5157 1 14.7 8.49e-05 1.35377
18000 10 2.5157 1.1 19.4 0.0002253 1.35603
18010 10 2.5221 1.1 14.9 0.000188 1.35791
18020 10 2.5221 1.1 15.9 8.72e-05 1.35878
18030 10 2.5221 1.1 20.2 0.0001322 1.3601
18040 10 2.5221 1 18 9.98e-05 1.3611
18050 10 2.5221 1.1 13 0.0001476 1.36257
18060 10 2.5221 1.1 19 0.0001361 1.36393
18070 10 2.5221 1.2 20.9 0.0002321 1.36626
18080 10 2.5221 1.1 15.2 0.000159 1.36785
18090 10 2.5221 1 17.2 6.66e-05 1.36851
18100 10 2.5221 1.1 19.6 0.000139 1.3699
18110 10 2.5221 1 14.1 7.92e-05 1.37069
18120 10 2.53039 1.2 20.9 0.0001992 1.37269
18130 10 2.53039 1.1 19.6 0.0001032 1.37372
18140 10 2.53039 1 21.1 0.0001117 1.37483
18150 10 2.53039 1 14.4 0.0001626 1.37646
18160 10 2.53039 1 20.7 0.0001172 1.37763
18170 10 2.53726 1 15.3 9.03e-05 1.37854
18180 10 2.53726 1 17.5 0.0001028 1.37956
18190 10 2.53726 1 18.4 0.000109 1.38065
18200 10 2.53726 1 10 4.24e-05 1.38108
18210 10 2.53726 1 24.7 8.04e-05 1.38188
18220 10 2.53726 1.2 19.3 0.000216 1.38404
18230 10 2.53726 1.1 15.4 0.0001797 1.38584
18240 10 2.53726 1 13.3 8.56e-05 1.38669
18250 10 2.54518 1.2 20 0.0001986 1.38868
18260 10 2.54518 1 12.4 5.55e-05 1.38924
18270 10 2.54518 1.3 21 0.0003107 1.39234
18280 10 2.54518 1 17.2 9.09e-05 1.39325
18290 10 2.54518 1 14.2 5.46e-05 1.3938
18300 10 2.54518 1.2 22.1 0.0001302 1.3951
18310 10 2.54518 1.2 19 0.000198 1.39708
18320 10 2.54518 1.3 18.7 0.0001932 1.39901
18330 10 2.54518 1 20 7.03e-05 1.39971
18340 10 2.54518 1.1 20.2 8.3e-05 1.40054
18350 10 2.54518 1.2 26.1 0.0002217 1.40276
18360 10 2.54518 1.1 17.7 0.0001782 1.40454
18370 10 2.54518 1 16.7 7.69e-05 1.40531
18380 10 2.54518 1.1 14.6 0.000225 1.40756
18390 10 2.54518 1 21.2 0.0001005 1.40857
18400 10 2.5511 1 15.1 7.87e-05 1.40935
18410 10 2.5511 1.4 21.3 0.0001589 1.41094
18420 10 2.5511 1 12.4 7.03e-05 1.41165
18430 10 2.5511 1.1 22.8 0.0001524 1.41317
18440 10 2.5511 1.1 22.4 0.0001249 1.41442
18450 10 2.5511 1 16.9 5.73e-05 1.41499
18460 10 2.5511 1.1 21.3 0.0002078 1.41707
18470 10 2.5511 1.1 23.1 0.0001091 1.41816
18480 10 2.5511 1.1 16.1 0.0001441 1.4196
18490 10 2.5511 1 17.2 9.33e-05 1.42054
18500 10 2.5511 1.2 22.4 0.00024 1.42294
18510 10 2.5511 1.2 23.9 0.0001778 1.42471
18520 10 2.5511 1.2 20.9 0.000233 1.42704
18530 10 2.5511 1.1 24.6 0.0001913 1.42896
18540 10 2.5511 1 16.2 0.0001044 1.43
18550 10 2.5511 1 20.5 7.86e-05 1.43079
18560 10 2.5511 1.2 21.6 0.000245 1.43324
18570 10 2.5511 1.4 29.6 0.0001519 1.43476
18580 10 2.5511 1.2 14.1 0.0001402 1.43616
18590 10 2.5511 1.1 18.4 0.0001746 1.4379
18600 10 2.5511 1.1 18.2 0.0001526 1.43943
18610 10 2.5511 1.4 13.4 0.0002777 1.44221
18620 10 2.5511 1 16.9 0.0001027 1.44323
18630 10 2.5511 1.1 20.9 0.0001786 1.44502
18640 10 2.5511 1.1 11.1 7.7e-05 1.44579
18650 10 2.5511 1.1 20.4 6.96e-05 1.44649
18660 10 2.5511 1 15.7 6.99e-05 1.44718
18670 10 2.5511 1.3 19.8 0.0002716 1.4499
18680 10 2.5511 1.2 18 0.0002716 1.45262
18690 10 2.5511 1.1 16.6 0.0001788 1.4544
18700 10 2.5511 1 29.1 7.32e-05 1.45514
18710 10 2.5511 1.1 18.4 9.11e-05 1.45605
18720 10 2.5511 1.1 14.3 0.0001896 1.45794
18730 10 2.5511 1 13.4 4.64e-05 1.45841
18740 10 2.5511 1.4 22.6 0.0002094 1.4605
18750 10 2.55331 1.1 12.1 0.0001667 1.46217
18760 10 2.55331 1.3 25.5 0.0002495 1.46466
18770 10 2.55331 1.1 12.8 7.95e-05 1.46546
18780 10 2.55331 1.3 18.3 0.000116 1.46662
18790 10 2.55331 1.1 19.5 0.0001621 1.46824
18800 10 2.55331 1.1 21.9 0.0002339 1.47058
18810 10 2.55331 1.1 24.5 0.0002238 1.47282
18820 10 2.55331 1.1 18.9 0.0001391 1.47421
18830 10 2.55331 1 19.3 8.92e-05 1.4751
18840 10 2.55331 1.3 21.1 0.0002044 1.47714
18850 10 2.55331 1.1 17.4 0.000171 1.47885
18860 10 2.55331 1.1 15.6 0.0002316 1.48117
18870 10 2.55331 1.2 15.9 0.0002236 1.48341
18880 10 2.55331 1.2 20.5 0.0002345 1.48575
18890 10 2.55331 1.1 25.5 0.0001141 1.48689
18900 10 2.55331 1.1 25.1 0.0001388 1.48828
18910 10 2.55331 1 16.2 5.64e-05 1.48884
18920 10 2.55331 1 16.4 7.23e-05 1.48957
18930 10 2.55331 1.2 13.1 0.0001876 1.49144
18940 10 2.55331 1 12 5.35e-05 1.49198
18950 10 2.55331 1.2 23.7 0.0002046 1.49402
18960 10 2.55722 1.2 17.5 0.0001741 1.49576
18970 10 2.55722 1 16.2 6.26e-05 1.49639
18980 10 2.55722 1 12.3 5.99e-05 1.49699
18990 10 2.55722 1 24.7 7.98e-05 1.49779
19000 10 2.55722 1.3 23.6 0.0002059 1.49985
19010 10 2.55722 1.1 19.5 0.0001796 1.50164
19020 10 2.55722 1.1 24.7 0.0001021 1.50266
19030 10 2.55722 1.2 20.2 0.0002045 1.50471
19040 10 2.55722 1.1 15.1 0.0001437 1.50615
19050 10 2.56101 1.2 22.3 0.0001591 1.50774
19060 10 2.56101 1 14.8 8.89e-05 1.50862
19070 10 2.56101 1.2 20.1 0.0002428 1.51105
19080 10 2.56101 1.3 24 0.0003008 1.51406
19090 10 2.56101 1.2 16.8 0.0002016 1.51608
19100 10 2.56101 1 12.9 6.28e-05 1.5167
19110 10 2.56101 1 18.2 6.7e-05 1.51737
19120 10 2.56101 1 11.8 6.09e-05 1.51798
19130 10 2.56101 1.3 23.7 0.0002914 1.5209
19140 10 2.56101 1 20.6 6.69e-05 1.52157
19150 10 2.56611 1.1 20.1 0.0002446 1.52401
19160 10 2.56611 1 14.8 6.02e-05 1.52462
19170 10 2.57285 1 18.6 8.83e-05 1.5255
19180 10 2.57285 1.1 15.6 0.0001504 1.527
19190 10 2.57285 1.4 22 0.000206 1.52906
19200 10 2.57285 1.1 22.9 9.45e-05 1.53001
19210 10 2.57285 1 16.3 6.85e-05 1.53069
19220 10 2.57285 1.4 20.6 0.0002444 1.53314
19230 10 2.58223 1.3 13.7 0.0002235 1.53537
19240 10 2.58223 1.2 19.7 0.0002255 1.53763
19250 10 2.58223 1.1 20.1 0.0001828 1.53945
19260 10 2.58223 1.1 20.6 0.0001392 1.54085
19270 10 2.58223 1.2 24.1 0.0002641 1.54349
19280 10 2.59132 1 29.5 0.0001011 1.5445
19290 10 2.59839 1.2 20.7 0.0002345 1.54684
19300 10 2.59839 1 13.8 7.34e-05 1.54758
19310 10 2.59839 1.2 23.2 0.0002521 1.5501
19320 10 2.59839 1.1 16.6 7.21e-05 1.55082
19330 10 2.59839 1 25.7 0.0001738 1.55256
19340 10 2.59839 1.3 28.6 0.000283 1.55539
19350 10 2.59839 1 16.8 7.99e-05 1.55619
19360 10 2.59839 1.1 15.9 9.85e-05 1.55717
19370 10 2.59839 1.1 16.8 0.0001454 1.55862
19380 10 2.59839 1.2 24.9 0.0002273 1.5609
19390 10 2.59839 1.3 22.1 0.0001314 1.56221
19400 10 2.60611 1 13.9 5.82e-05 1.56279
19410 10 2.60611 1.1 21.5 0.0001541 1.56434
19420 10 2.60611 1.2 20.5 0.000223 1.56656
19430 10 2.61523 1 17.3 0.0001126 1.56769
19440 10 2.61523 1.1 13.8 0.0001384 1.56907
19450 10 2.61523 1.3 18.8 0.0002273 1.57135
19460 10 2.61523 1.1 12.3 9.33e-05 1.57228
19470 10 2.62124 1.2 24.2 0.000268 1.57496
19480 10 2.62124 1.2 19.3 0.0002547 1.57751
19490 10 2.62124 1.3 26.2 0.0002416 1.57992
19500 10 2.62124 1.3 18.6 0.0002597 1.58252
19510 10 2.62124 1 17.8 7.71e-05 1.58329
19520 10 2.62124 1.1 18.1 8.24e-05 1.58412
19530 10 2.62124 1.1 15.9 6.72e-05 1.58479
19540 10 2.62124 1.2 26.6 0.0001936 1.58672
19550 10 2.62124 1 19.6 0.0001174 1.5879
19560 10 2.62124 1.1 21.8 0.0001972 1.58987
19570 10 2.62992 1 17.8 9.79e-05 1.59085
19580 10 2.62992 1.1 17.7 0.0001779 1.59263
19590 10 2.62992 1.2 26.6 0.000124 1.59387
19600 10 2.62992 1.2 24.6 0.0003109 1.59698
19610 10 2.62992 1 17.2 0.0001411 1.59839
19620 10 2.62992 1 14.5 6.14e-05 1.599
19630 10 2.62992 1 17.2 8.14e-05 1.59982
19640 10 2.62992 1 17.9 8.82e-05 1.6007
19650 10 2.62992 1.1 15.5 0.0001642 1.60234
19660 10 2.6352 1.2 15.7 0.0002054 1.60439
19670 10 2.6352 1.1 19.7 0.0001956 1.60635
19680 10 2.6352 1.1 19.9 0.0001815 1.60817
19690 10 2.64267 1.2 17.1 0.0002104 1.61027
19700 10 2.64267 1.1 17.9 0.0001842 1.61211
19710 10 2.64267 1.1 20.2 0.0001486 1.6136
19720 10 2.64267 1.1 17.7 0.0002114 1.61571
19730 10 2.64398 1.1 19.6 0.0001199 1.61691
19740 10 2.64398 1.2 18.7 0.0001444 1.61835
19750 10 2.64398 1.2 23.8 0.0002377 1.62073
19760 10 2.64398 1.1 17.3 8.4e-05 1.62157
19770 10 2.64398 1.1 18.6 7.76e-05 1.62235
19780 10 2.65288 1 16.8 0.0001034 1.62338
19790 10 2.65288 1 15.3 9.66e-05 1.62435
19800 10 2.65288 1 28.9 7.36e-05 1.62508
19810 10 2.65408 1.2 18.8 0.0002167 1.62725
19820 10 2.65408 1.1 14.3 0.0001307 1.62856
19830 10 2.65408 1.1 21.4 0.0001778 1.63034
19840 10 2.65408 1.1 14.6 0.0001797 1.63213
19850 10 2.65408 1.1 19.2 0.0002256 1.63439
19860 10 2.65408 1.1 13.9 0.0001231 1.63562
19870 10 2.65408 1 14.9 5.59e-05 1.63618
19880 10 2.65408 1.1 18.6 0.0001153 1.63733
19890 10 2.65408 1.1 20.1 0.0001553 1.63888
19900 10 2.65408 1.1 19.2 0.0001962 1.64085
19910 10 2.65442 1 15.4 5.42e-05 1.64139
19920 10 2.66263 1.1 19.7 0.0001198 1.64259
19930 10 2.66263 1 19.6 4.94e-05 1.64308
19940 10 2.66263 1.1 16 0.00013 1.64438
19950 10 2.66263 1.1 17.8 0.0001905 1.64629
19960 10 2.66263 1.4 25.3 0.0002312 1.6486
19970 10 2.66263 1.1 21.2 0.0002402 1.651
19980 10 2.66263 1.3 19.8 0.0002949 1.65395
19990 10 2.66263 1 14.5 8e-05 1.65475
20000 10 2.66263 1.1 19.9 0.0001531 1.65628
