# Step NumNew Radius InverseSuccessRatio JumpsPerParticle SecPerParticle TotalRunTime
10 10 0.0323563 0.9 -1.61015e+08 5.1e-06 5.1e-05
20 10 0.0496349 1.1 14.1 2.6e-06 7.7e-05
30 10 0.0694444 1.1 11.8 2.6e-06 0.000103
40 10 0.0841649 1 7.3 1.4e-06 0.000117
50 10 0.0894984 1.1 16.6 2.9e-06 0.000146
60 10 0.094648 1 10.8 4.9e-06 0.000195
70 10 0.108874 1 8.8 2.5e-06 0.00022
80 10 0.115766 1.1 10.5 2.6e-06 0.000246
90 10 0.12417 1.1 12.2 3e-06 0.000276
100 10 0.141825 1 8.7 3.6e-06 0.000312
110 10 0.151195 1 11.3 2.8e-06 0.00034
120 10 0.151195 1.1 10.2 3.1e-06 0.000371
130 10 0.160342 1.2 16 5e-06 0.000421
140 10 0.176281 1 12.3 3e-06 0.000451
150 10 0.185531 1.4 20.8 6.6e-06 0.000517
160 10 0.185531 1.2 18.1 5e-06 0.000567
170 10 0.185531 1.1 13.9 4.5e-06 0.000612
180 10 0.191021 1 9.4 2.9e-06 0.000641
190 10 0.196454 1.1 19.5 5e-06 0.000691
200 10 0.196454 1.1 16.9 4.9e-06 0.00074
210 10 0.196454 1.1 14.4 4e-06 0.00078
220 10 0.204021 1 12.5 3.9e-06 0.000819
230 10 0.213225 1 12.7 4.7e-06 0.000866
240 10 0.223188 1.1 19.9 7.3e-06 0.000939
250 10 0.234526 1.3 17 8.8e-06 0.001027
260 10 0.23902 1 13.4 4.1e-06 0.001068
270 10 0.247995 1.1 15.3 5e-06 0.001118
280 10 0.262861 1 9.1 2.8e-06 0.001146
290 10 0.262861 1.2 21.4 5.6e-06 0.001202
300 10 0.270313 1.1 16.6 5.7e-06 0.001259
310 10 0.270313 1.3 21 6.8e-06 0.001327
320 10 0.278431 1 15.6 5e-06 0.001377
330 10 0.296636 1 17.6 5.1e-06 0.001428
340 10 0.296636 1 15.5 5.1e-06 0.001479
350 10 0.296636 1.2 19.6 5.9e-06 0.001538
360 10 0.296636 1 18.1 5.4e-06 0.001592
370 10 0.296636 1.1 21 8.2e-06 0.001674
380 10 0.296636 1.2 22 8.9e-06 0.001763
390 10 0.301591 1 16.5 5.3e-06 0.001816
400 10 0.301591 1.1 18.4 6.2e-06 0.001878
410 10 0.302288 1.1 9.8 8.7e-06 0.001965
420 10 0.317759 1 17 5.6e-06 0.002021
430 10 0.317759 1 10.1 4.1e-06 0.002062
440 10 0.335411 1.1 10.9 5.2e-06 0.002114
450 10 0.335411 1 16.3 5.5e-06 0.002169
460 10 0.343223 1.2 12.2 5.4e-06 0.002223
470 10 0.343223 1 15 7e-06 0.002293
480 10 0.357073 1 19.5 7.8e-06 0.002371
490 10 0.357073 1 15.7 6.3e-06 0.002434
500 10 0.357073 1 12.1 6.3e-06 0.002497
510 10 0.357073 1 13.2 5.8e-06 0.002555
520 10 0.357073 1 15.1 6.5e-06 0.00262
530 10 0.357073 1.1 12.9 5.5e-06 0.002675
540 10 0.357073 1 15.1 5.9e-06 0.002734
550 10 0.357073 1.1 14 6e-06 0.002794
560 10 0.36373 1 8.5 4.3e-06 0.002837
570 10 0.368546 1.1 12 5.7e-06 0.002894
580 10 0.378004 1.1 12.2 6.4e-06 0.002958
590 10 0.387045 1.2 17 8.1e-06 0.003039
600 10 0.387045 1.1 21.6 9.3e-06 0.003132
610 10 0.393847 1 10.7 4.3e-06 0.003175
620 10 0.402921 1.1 13.6 6e-06 0.003235
630 10 0.402921 1 7.3 4.3e-06 0.003278
640 10 0.402921 1 8.5 5.2e-06 0.00333
650 10 0.402921 1 11.1 5.6e-06 0.003386
660 10 0.406299 1.5 24.6 1.3e-05 0.003516
670 10 0.410255 1.1 17.1 7.6e-06 0.003592
680 10 0.419062 1.1 20.4 1.12e-05 0.003704
690 10 0.419062 1.2 20.8 1.14e-05 0.003818
700 10 0.419062 1 11.8 7.2e-06 0.00389
710 10 0.419062 1.1 14.9 8.6e-06 0.003976
720 10 0.423067 1 21.2 9.7e-06 0.004073
730 10 0.423067 1 9.6 2.64e-05 0.004337
740 10 0.423067 1 14.7 7.9e-06 0.004416
750 10 0.423067 1.4 25.8 1.84e-05 0.0046
760 10 0.425721 1 14.2 7.1e-06 0.004671
770 10 0.425721 1.1 15.1 8.4e-06 0.004755
780 10 0.425721 1 19.5 8.8e-06 0.004843
790 10 0.425721 1 15.9 6.6e-06 0.004909
800 10 0.429016 1 9.6 5.8e-06 0.004967
810 10 0.43379 1.1 18.2 1.29e-05 0.005096
820 10 0.43379 1 12.4 8.3e-06 0.005179
830 10 0.43379 1 13.8 8.7e-06 0.005266
840 10 0.43785 1.2 15.8 1.03e-05 0.005369
850 10 0.442806 1 13.2 6.6e-06 0.005435
860 10 0.452147 1 16.4 8.3e-06 0.005518
870 10 0.458448 1.1 21.3 1.02e-05 0.00562
880 10 0.460476 1.1 11.5 8.1e-06 0.005701
890 10 0.465065 1 10.2 8.1e-06 0.005782
900 10 0.465065 1.2 18 1.09e-05 0.005891
910 10 0.465065 1 17.7 1e-05 0.005991
920 10 0.465065 1.3 23.7 1.35e-05 0.006126
930 10 0.484658 1.1 9.9 8.5e-06 0.006211
940 10 0.484658 1 17.6 9.1e-06 0.006302
950 10 0.484658 1 14.8 9e-06 0.006392
960 10 0.484658 1 16.2 8e-06 0.006472
970 10 0.484658 1.1 14.5 9.1e-06 0.006563
980 10 0.484658 1.1 18.8 1.16e-05 0.006679
990 10 0.493206 1 12.4 8.8e-06 0.006767
1000 10 0.498947 1.1 14.3 1.44e-05 0.006911
1010 10 0.507485 1.1 14.5 9.5e-06 0.007006
1020 10 0.507485 1.1 11.2 8.7e-06 0.007093
1030 10 0.507485 1 13 8.6e-06 0.007179
1040 10 0.507485 1 12.7 7.6e-06 0.007255
1050 10 0.507485 1 13.2 8.3e-06 0.007338
1060 10 0.507485 1 11.9 7.6e-06 0.007414
1070 10 0.517293 1.3 20.7 1.35e-05 0.007549
1080 10 0.517293 1 19.9 1.18e-05 0.007667
1090 10 0.517293 1 12.9 7.8e-06 0.007745
1100 10 0.518146 1 15.2 7.2e-06 0.007817
1110 10 0.526973 1.1 12.6 9.5e-06 0.007912
1120 10 0.526973 1.1 13 1.14e-05 0.008026
1130 10 0.526973 1.1 20.2 1.33e-05 0.008159
1140 10 0.534815 1.1 11 9.3e-06 0.008252
1150 10 0.54783 1 13.5 8.2e-06 0.008334
1160 10 0.54783 1.1 15 9.6e-06 0.00843
1170 10 0.54783 1 14.6 8.6e-06 0.008516
1180 10 0.550756 1.1 13.8 1.15e-05 0.008631
1190 10 0.55746 1 8.3 8.2e-06 0.008713
1200 10 0.55746 1.7 26.2 2.8e-05 0.008993
1210 10 0.55746 1 18.2 8.6e-06 0.009079
1220 10 0.565995 1 16 1.03e-05 0.009182
1230 10 0.565995 1 11.8 7e-06 0.009252
1240 10 0.565995 1.2 18.7 1.53e-05 0.009405
1250 10 0.565995 1.1 16.6 1.12e-05 0.009517
1260 10 0.565995 1.1 17.7 9.8e-06 0.009615
1270 10 0.565995 1.1 16.1 1.03e-05 0.009718
1280 10 0.565995 1 18.3 1.01e-05 0.009819
1290 10 0.569919 1.1 12.3 1.21e-05 0.00994
1300 10 0.57519 1.2 14.8 1.44e-05 0.010084
1310 10 0.57519 1.1 14.5 9.7e-06 0.010181
1320 10 0.57519 1 12.4 8.9e-06 0.01027
1330 10 0.57519 1 18.1 1.16e-05 0.010386
1340 10 0.57519 1.2 15 1.46e-05 0.010532
1350 10 0.57519 1 16.2 1.35e-05 0.010667
1360 10 0.582644 1 11.6 7.1e-06 0.010738
1370 10 0.590564 1.1 17.8 1.22e-05 0.01086
1380 10 0.597234 1.1 18 1.17e-05 0.010977
1390 10 0.597234 1 18.8 1.24e-05 0.011101
1400 10 0.606257 1.3 26 2.04e-05 0.011305
1410 10 0.614601 1 14.8 8.7e-06 0.011392
1420 10 0.614601 1.1 16.6 1.62e-05 0.011554
1430 10 0.622678 1.1 16.2 5.68e-05 0.012122
1440 10 0.632048 1.1 14.5 1.47e-05 0.012269
1450 10 0.636822 1 23 1.37e-05 0.012406
1460 10 0.643854 1.2 19.3 1.74e-05 0.01258
1470 10 0.654022 1.2 17 1.49e-05 0.012729
1480 10 0.654022 1.1 15.5 1.53e-05 0.012882
1490 10 0.654022 1.1 16.6 1.77e-05 0.013059
1500 10 0.654022 1 9.9 9.3e-06 0.013152
1510 10 0.662958 1.2 21.4 1.89e-05 0.013341
1520 10 0.662958 1 24.4 1.29e-05 0.01347
1530 10 0.66742 1 17.9 1.36e-05 0.013606
1540 10 0.66742 1.1 12.9 1.48e-05 0.013754
1550 10 0.66742 1 9.5 8.2e-06 0.013836
1560 10 0.66742 1.3 17.5 1.83e-05 0.014019
1570 10 0.66742 1.1 15.5 1.23e-05 0.014142
1580 10 0.66742 1.1 14.6 1.27e-05 0.014269
1590 10 0.676448 1.1 22.7 1.68e-05 0.014437
1600 10 0.680708 1 11.8 9.4e-06 0.014531
1610 10 0.688538 1.1 16.1 1.68e-05 0.014699
1620 10 0.688538 1.1 17.6 1.53e-05 0.014852
1630 10 0.688538 1.2 15.8 1.3e-05 0.014982
1640 10 0.696047 1 14.9 1.06e-05 0.015088
1650 10 0.696047 1.2 19.5 1.77e-05 0.015265
1660 10 0.696047 1 13.8 1.01e-05 0.015366
1670 10 0.696047 1 14.7 1.12e-05 0.015478
1680 10 0.716898 1.1 21.7 1.3e-05 0.015608
1690 10 0.716898 1.1 16.8 1.5e-05 0.015758
1700 10 0.716898 1 16.7 1.95e-05 0.015953
1710 10 0.7234 1.4 19.5 2.03e-05 0.016156
1720 10 0.7234 1.3 18.1 2.72e-05 0.016428
1730 10 0.7234 1.1 16.8 2.06e-05 0.016634
1740 10 0.7234 1.1 18.1 1.6e-05 0.016794
1750 10 0.7234 1 12.8 1.44e-05 0.016938
1760 10 0.7234 1.3 21.5 2.96e-05 0.017234
1770 10 0.7234 1.1 19.3 1.51e-05 0.017385
1780 10 0.730734 1.2 15.9 1.87e-05 0.017572
1790 10 0.730734 1.1 20.7 2.31e-05 0.017803
1800 10 0.730734 1 15.5 1.35e-05 0.017938
1810 10 0.730734 1 14.6 1.03e-05 0.018041
1820 10 0.730734 1.1 14.5 1.5e-05 0.018191
1830 10 0.730734 1 14.3 1.41e-05 0.018332
1840 10 0.730734 1.1 16 1.32e-05 0.018464
1850 10 0.730734 1 12.1 1.16e-05 0.01858
1860 10 0.730734 1 10.8 9.7e-06 0.018677
1870 10 0.734157 1.2 18.5 1.94e-05 0.018871
1880 10 0.734157 1 18 1.28e-05 0.018999
1890 10 0.734157 1.1 21.6 1.7e-05 0.019169
1900 10 0.736386 1 14.4 1.16e-05 0.019285
1910 10 0.736386 1.1 14.4 1.7e-05 0.019455
1920 10 0.736386 1.2 17 2.25e-05 0.01968
1930 10 0.736386 1.1 13.7 1.71e-05 0.019851
1940 10 0.745741 1.1 13.2 1.51e-05 0.020002
1950 10 0.745741 1.1 16.6 1.57e-05 0.020159
1960 10 0.745741 1.1 17.4 1.44e-05 0.020303
1970 10 0.745741 1.1 15.4 1.37e-05 0.02044
1980 10 0.748425 1 9.4 8.2e-06 0.020522
1990 10 0.748425 1 16.5 1.52e-05 0.020674
2000 10 0.748425 1.2 20.3 2.16e-05 0.02089
2010 10 0.756455 1.1 19.7 1.56e-05 0.021046
2020 10 0.756455 1.1 19.3 1.79e-05 0.021225
2030 10 0.76408 1 17.8 1.47e-05 0.021372
2040 10 0.76408 1.2 17.1 1.67e-05 0.021539
2050 10 0.76408 1 14.2 9.4e-06 0.021633
2060 10 0.76408 1 14.7 9.9e-06 0.021732
2070 10 0.76408 1.2 17.2 1.84e-05 0.021916
2080 10 0.76408 1 15.2 1.42e-05 0.022058
2090 10 0.77347 1 15.7 1.17e-05 0.022175
2100 10 0.775858 1.3 18.6 2.31e-05 0.022406
2110 10 0.782862 1 16.1 1.63e-05 0.022569
2120 10 0.782862 1.1 14.4 1.7e-05 0.022739
2130 10 0.782862 1 17 2.7e-05 0.023009
2140 10 0.782862 1.1 26.6 2.41e-05 0.02325
2150 10 0.782862 1.1 15.8 1.76e-05 0.023426
2160 10 0.782862 1 14 1.74e-05 0.0236
2170 10 0.782862 1 13.4 1.43e-05 0.023743
2180 10 0.782862 1.1 24.8 1.62e-05 0.023905
2190 10 0.782862 1 13.9 1.36e-05 0.024041
2200 10 0.782862 1 14.4 1.24e-05 0.024165
2210 10 0.782862 1.1 19.7 1.84e-05 0.024349
2220 10 0.791484 1 19.4 1.56e-05 0.024505
2230 10 0.791484 1.1 16.1 2.14e-05 0.024719
2240 10 0.806304 1.1 13.5 1.72e-05 0.024891
2250 10 0.806304 1.2 26.1 2.03e-05 0.025094
2260 10 0.813349 1.2 20.2 2.05e-05 0.025299
2270 10 0.813349 1.1 11.9 1.58e-05 0.025457
2280 10 0.820677 1.1 11.5 1.57e-05 0.025614
2290 10 0.820677 1.1 15.1 1.6e-05 0.025774
2300 10 0.820677 1.2 17.9 1.66e-05 0.02594
2310 10 0.820677 1.2 21.6 2.21e-05 0.026161
2320 10 0.820677 1.2 15.3 1.8e-05 0.026341
2330 10 0.820677 1 19.8 1.64e-05 0.026505
2340 10 0.820677 1 15.4 1.66e-05 0.026671
2350 10 0.820677 1.1 13.8 1.55e-05 0.026826
2360 10 0.820677 1.2 21.1 3.27e-05 0.027153
2370 10 0.820677 1 12.7 1.47e-05 0.0273
2380 10 0.820677 1 13.5 1.59e-05 0.027459
2390 10 0.820677 1.1 16.9 1.66e-05 0.027625
2400 10 0.831289 1 12.2 1.13e-05 0.027738
2410 10 0.831289 1 12.7 1.46e-05 0.027884
2420 10 0.831289 1 16.8 1.92e-05 0.028076
2430 10 0.831289 1.2 17.8 2.07e-05 0.028283
2440 10 0.831289 1 15.4 1.4e-05 0.028423
2450 10 0.838671 1.1 17.4 2.12e-05 0.028635
2460 10 0.838671 1.1 18.9 1.61e-05 0.028796
2470 10 0.846375 1 17.2 1.53e-05 0.028949
2480 10 0.846375 1 10.9 1.09e-05 0.029058
2490 10 0.846375 1 19.3 2.15e-05 0.029273
2500 10 0.846375 1.1 17.4 1.95e-05 0.029468
2510 10 0.846375 1.2 19.3 2.39e-05 0.029707
2520 10 0.846375 1 21.9 1.26e-05 0.029833
2530 10 0.846375 1 17.7 1.77e-05 0.03001
2540 10 0.853593 1.2 26.6 2.9e-05 0.0303
2550 10 0.853593 1 15.8 1.5e-05 0.03045
2560 10 0.853593 1.1 16.7 2.02e-05 0.030652
2570 10 0.853593 1.1 18.2 2.02e-05 0.030854
2580 10 0.853593 1 16.3 1.27e-05 0.030981
2590 10 0.853593 1 17.6 1.65e-05 0.031146
2600 10 0.853593 1.1 14.6 1.69e-05 0.031315
2610 10 0.853593 1 20.9 1.78e-05 0.031493
2620 10 0.853593 1.1 20.2 2.19e-05 0.031712
2630 10 0.853593 1.1 14.4 2.11e-05 0.031923
2640 10 0.855063 1 13.6 1.48e-05 0.032071
2650 10 0.855063 1 16.3 1.65e-05 0.032236
2660 10 0.855063 1.2 16.3 1.98e-05 0.032434
2670 10 0.867527 1.1 15.5 2.08e-05 0.032642
2680 10 0.876989 1 15.8 1.64e-05 0.032806
2690 10 0.876989 1.2 21.7 2.39e-05 0.033045
2700 10 0.876989 1 15.2 1.16e-05 0.033161
2710 10 0.876989 1.1 14.8 1.81e-05 0.033342
2720 10 0.876989 1 11.6 1.18e-05 0.03346
2730 10 0.883705 1 13 1.54e-05 0.033614
2740 10 0.883705 1.1 19 2.11e-05 0.033825
2750 10 0.883705 1.2 22.2 2.88e-05 0.034113
2760 10 0.889417 1.1 14.4 1.82e-05 0.034295
2770 10 0.889417 1.2 16.8 2.05e-05 0.0345
2780 10 0.889417 1 20.7 1.72e-05 0.034672
2790 10 0.889417 1 15.9 1.51e-05 0.034823
2800 10 0.904248 1.2 22.1 2.45e-05 0.035068
2810 10 0.904248 1.1 10.1 2.49e-05 0.035317
2820 10 0.904248 1 18.6 4.19e-05 0.035736
2830 10 0.904248 1.2 21.7 2.77e-05 0.036013
2840 10 0.904248 1.1 16.8 1.99e-05 0.036212
2850 10 0.904248 1 11.2 1.96e-05 0.036408
2860 10 0.904248 1 12 1.71e-05 0.036579
2870 10 0.913066 1.1 22 2.09e-05 0.036788
2880 10 0.920745 1.1 13.9 1.77e-05 0.036965
2890 10 0.920745 1.2 16.6 3.33e-05 0.037298
2900 10 0.926378 1.2 22.6 2.42e-05 0.03754
2910 10 0.926378 1.1 13.8 2.54e-05 0.037794
2920 10 0.935564 1.1 19.1 2.44e-05 0.038038
2930 10 0.935564 1.1 13.5 2.2e-05 0.038258
2940 10 0.935564 1 12.8 1.38e-05 0.038396
2950 10 0.935564 1 13.6 1.32e-05 0.038528
2960 10 0.935564 1.1 32.2 4.18e-05 0.038946
2970 10 0.943678 1.1 12.2 1.74e-05 0.03912
2980 10 0.943678 1.1 16 2.03e-05 0.039323
2990 10 0.943678 1 15.1 1.72e-05 0.039495
3000 10 0.943678 1.2 17.8 2.39e-05 0.039734
3010 10 0.952562 1 11.6 1.35e-05 0.039869
3020 10 0.961557 1 11.8 1.57e-05 0.040026
3030 10 0.961557 1 13.9 1.91e-05 0.040217
3040 10 0.969118 1.1 18.4 2.68e-05 0.040485
3050 10 0.969118 1 13.4 1.9e-05 0.040675
3060 10 0.969118 1 13.9 1.49e-05 0.040824
3070 10 0.969118 1.1 22 2.47e-05 0.041071
3080 10 0.969118 1.1 16 2.13e-05 0.041284
3090 10 0.973722 1.1 17.8 2.82e-05 0.041566
3100 10 0.973722 1 15.8 2.02e-05 0.041768
3110 10 0.973722 1.1 15.6 2.29e-05 0.041997
3120 10 0.982843 1.1 15 1.9e-05 0.042187
3130 10 0.982843 1 14.1 1.98e-05 0.042385
3140 10 0.988994 1 15 1.64e-05 0.042549
3150 10 0.988994 1.2 28.8 2.72e-05 0.042821
3160 10 0.988994 1.1 15.8 1.86e-05 0.043007
3170 10 0.988994 1.1 18.7 1.95e-05 0.043202
3180 10 0.988994 1.2 12.8 2.52e-05 0.043454
3190 10 0.996867 1.1 17.8 3.21e-05 0.043775
3200 10 0.996867 1.2 20.7 2.96e-05 0.044071
3210 10 1.00459 1.1 19.2 2.48e-05 0.044319
3220 10 1.00459 1.2 17.5 2.09e-05 0.044528
3230 10 1.00459 1.1 19.6 2.93e-05 0.044821
3240 10 1.00459 1.2 19.9 3.16e-05 0.045137
3250 10 1.00459 1.1 15.8 2.21e-05 0.045358
3260 10 1.00459 1.2 16.9 2.83e-05 0.045641
3270 10 1.00459 1.2 21.1 3.23e-05 0.045964
3280 10 1.00459 1.1 24 2.85e-05 0.046249
3290 10 1.02136 1 18.1 1.58e-05 0.046407
3300 10 1.02136 1.1 14.4 1.79e-05 0.046586
3310 10 1.02136 1 20.7 2.05e-05 0.046791
3320 10 1.03208 1 11.7 1.34e-05 0.046925
3330 10 1.03574 1.1 22.8 2.43e-05 0.047168
3340 10 1.03574 1 16.5 1.95e-05 0.047363
3350 10 1.03574 1 13.4 1.77e-05 0.04754
3360 10 1.03574 1 8.8 1.16e-05 0.047656
3370 10 1.03574 1.2 16.2 3.65e-05 0.048021
3380 10 1.03574 1 13.8 1.62e-05 0.048183
3390 10 1.04151 1.1 13 2.02e-05 0.048385
3400 10 1.04151 1.1 14.5 1.86e-05 0.048571
3410 10 1.04151 1.3 19.3 3.28e-05 0.048899
3420 10 1.04151 1.1 17.2 2.38e-05 0.049137
3430 10 1.04989 1 15.2 1.53e-05 0.04929
3440 10 1.04989 1.3 20 3.18e-05 0.049608
3450 10 1.05909 1 15.7 2.15e-05 0.049823
3460 10 1.05909 1.5 21.6 3.82e-05 0.050205
3470 10 1.05909 1 10.1 1.66e-05 0.050371
3480 10 1.05909 1 16.6 2.01e-05 0.050572
3490 10 1.05909 1.1 16.4 2.71e-05 0.050843
3500 10 1.06257 1.1 16 2.42e-05 0.051085
3510 10 1.07527 1.1 14.3 2.62e-05 0.051347
3520 10 1.07527 1 17.1 2.06e-05 0.051553
3530 10 1.07527 1 13.1 2.6e-05 0.051813
3540 10 1.08453 1.1 22.4 3.26e-05 0.052139
3550 10 1.09378 1.1 16.8 2.49e-05 0.052388
3560 10 1.09378 1.2 22.5 3.62e-05 0.05275
3570 10 1.09378 1.2 15.8 2.76e-05 0.053026
3580 10 1.09378 1 21.5 2.9e-05 0.053316
3590 10 1.1015 1.1 16.1 2.52e-05 0.053568
3600 10 1.1015 1 23 2.2e-05 0.053788
3610 10 1.1015 1.2 20 2.57e-05 0.054045
3620 10 1.1015 1 13.2 1.85e-05 0.05423
3630 10 1.1015 1.2 20.1 3.47e-05 0.054577
3640 10 1.10941 1.1 16.4 2.87e-05 0.054864
3650 10 1.10941 1 20.1 3.03e-05 0.055167
3660 10 1.10941 1 19.9 2.22e-05 0.055389
3670 10 1.10941 1.3 21 3.3e-05 0.055719
3680 10 1.10941 1.1 24.4 3.52e-05 0.056071
3690 10 1.10941 1 15.1 1.94e-05 0.056265
3700 10 1.10941 1 14.2 2.04e-05 0.056469
3710 10 1.10941 1.2 20 2.88e-05 0.056757
3720 10 1.10941 1 23.6 2.5e-05 0.057007
3730 10 1.10941 1 19.9 2.59e-05 0.057266
3740 10 1.11821 1.1 12.8 2.19e-05 0.057485
3750 10 1.11821 1 14.5 2.13e-05 0.057698
3760 10 1.11821 1.2 21 2.73e-05 0.057971
3770 10 1.12785 1 28.1 2.51e-05 0.058222
3780 10 1.12785 1 23.7 2.16e-05 0.058438
3790 10 1.13623 1.2 18.9 3.05e-05 0.058743
3800 10 1.13623 1.1 21 3.23e-05 0.059066
3810 10 1.13623 1.3 22.7 2.99e-05 0.059365
3820 10 1.13623 1.1 21.4 2.39e-05 0.059604
3830 10 1.13687 1 17.6 1.98e-05 0.059802
3840 10 1.13917 1.2 20.3 2.97e-05 0.060099
3850 10 1.13917 1 10.5 1.93e-05 0.060292
3860 10 1.13917 1.1 17.3 2.69e-05 0.060561
3870 10 1.13917 1.1 18.5 3.46e-05 0.060907
3880 10 1.13917 1 21.4 2.08e-05 0.061115
3890 10 1.13917 1 14.9 2.36e-05 0.061351
3900 10 1.13917 1.4 23.5 3.7e-05 0.061721
3910 10 1.14202 1 10.6 1.87e-05 0.061908
3920 10 1.14202 1 14.4 2.1e-05 0.062118
3930 10 1.14202 1.2 17.1 2.89e-05 0.062407
3940 10 1.14202 1.2 24.2 3.12e-05 0.062719
3950 10 1.14202 1 11.7 1.57e-05 0.062876
3960 10 1.14202 1.1 16.8 2.84e-05 0.06316
3970 10 1.14202 1.1 21.4 2.99e-05 0.063459
3980 10 1.14202 1 15.6 2.04e-05 0.063663
3990 10 1.14202 1 15.3 1.94e-05 0.063857
4000 10 1.14512 1.1 22.7 3.14e-05 0.064171
4010 10 1.14512 1.1 13.6 2.16e-05 0.064387
4020 10 1.14512 1.4 21.8 4.01e-05 0.064788
4030 10 1.14512 1.2 18.7 3.4e-05 0.065128
4040 10 1.14512 1 20.4 3.4e-05 0.065468
4050 10 1.14512 1 13.9 1.72e-05 0.06564
4060 10 1.14512 1.1 22.2 3.79e-05 0.066019
4070 10 1.14512 1 11.1 1.72e-05 0.066191
4080 10 1.14512 1.2 17.4 2.52e-05 0.066443
4090 10 1.15007 1.1 21.5 2.69e-05 0.066712
4100 10 1.15007 1.1 19.7 2.97e-05 0.067009
4110 10 1.15007 1.1 16.4 2.45e-05 0.067254
4120 10 1.158 1.2 15.5 4.02e-05 0.067656
4130 10 1.16382 1.3 27.8 4.68e-05 0.068124
4140 10 1.16382 1.5 18.5 5.26e-05 0.06865
4150 10 1.16905 1.2 23.6 3.33e-05 0.068983
4160 10 1.17313 1 17 2.86e-05 0.069269
4170 10 1.17313 1.2 14.2 3.22e-05 0.069591
4180 10 1.17709 1 18.9 2.94e-05 0.069885
4190 10 1.17709 1 16.4 2.03e-05 0.070088
4200 10 1.17709 1.3 19.5 4.32e-05 0.07052
4210 10 1.17709 1 14.2 2.27e-05 0.070747
4220 10 1.17709 1 20.3 2.38e-05 0.070985
4230 10 1.17709 1.3 18.1 3.98e-05 0.071383
4240 10 1.17709 1.1 20.2 4.2e-05 0.071803
4250 10 1.18406 1 17.3 4.16e-05 0.072219
4260 10 1.18406 1.2 19.5 3.05e-05 0.072524
4270 10 1.18406 1.4 21.7 4.66e-05 0.07299
4280 10 1.18406 1.1 12.8 2.48e-05 0.073238
4290 10 1.18822 1.1 23 3.1e-05 0.073548
4300 10 1.18822 1.2 16.2 2.62e-05 0.07381
4310 10 1.18822 1 13.1 1.72e-05 0.073982
4320 10 1.19133 1 14.2 1.78e-05 0.07416
4330 10 1.19133 1.2 14 2.74e-05 0.074434
4340 10 1.19133 1.2 23.8 3.77e-05 0.074811
4350 10 1.19813 1.2 22.3 3.74e-05 0.075185
4360 10 1.19813 1.1 16.7 3.28e-05 0.075513
4370 10 1.19813 1 9.9 1.73e-05 0.075686
4380 10 1.2077 1.3 16.3 3.49e-05 0.076035
4390 10 1.2077 1 22.2 2.71e-05 0.076306
4400 10 1.2077 1.1 21.4 3.84e-05 0.07669
4410 10 1.2077 1 12.8 2.02e-05 0.076892
4420 10 1.2077 1.3 21.4 4.06e-05 0.077298
4430 10 1.21398 1 15.8 2.9e-05 0.077588
4440 10 1.21398 1.1 16.6 3.66e-05 0.077954
4450 10 1.21398 1.1 19.5 3.41e-05 0.078295
4460 10 1.21398 1.1 11.8 2.78e-05 0.078573
4470 10 1.21398 1.1 22.1 3.76e-05 0.078949
4480 10 1.21398 1 13.7 1.72e-05 0.079121
4490 10 1.21398 1.1 15 2.72e-05 0.079393
4500 10 1.21738 1 22.2 3.8e-05 0.079773
4510 10 1.21738 1.1 14.6 2.9e-05 0.080063
4520 10 1.21738 1 12.3 1.5e-05 0.080213
4530 10 1.21738 1 10.7 2.46e-05 0.080459
4540 10 1.21738 1.3 15.3 4.04e-05 0.080863
4550 10 1.22056 1.1 18.2 2.7e-05 0.081133
4560 10 1.22056 1.1 16.9 2.44e-05 0.081377
4570 10 1.22056 1.1 13.9 2.55e-05 0.081632
4580 10 1.22847 1.2 17.2 4.09e-05 0.082041
4590 10 1.22847 1.2 19.1 3.21e-05 0.082362
4600 10 1.22847 1.1 12.9 2.44e-05 0.082606
4610 10 1.22847 1.1 16.4 2.49e-05 0.082855
4620 10 1.22847 1.3 21.7 3.9e-05 0.083245
4630 10 1.22847 1 18.3 3.06e-05 0.083551
4640 10 1.22847 1.1 14.3 2.45e-05 0.083796
4650 10 1.22847 1 12 2.1e-05 0.084006
4660 10 1.22847 1 17.4 2.86e-05 0.084292
4670 10 1.22847 1.1 15.8 2.89e-05 0.084581
4680 10 1.22847 1.1 16.1 3.66e-05 0.084947
4690 10 1.23737 1 13.7 2.55e-05 0.085202
4700 10 1.23737 1 14 2.23e-05 0.085425
4710 10 1.23737 1.1 21.9 3.28e-05 0.085753
4720 10 1.23737 1.1 24.1 3.33e-05 0.086086
4730 10 1.23737 1.1 17.8 2.23e-05 0.086309
4740 10 1.24285 1.1 16.9 2.98e-05 0.086607
4750 10 1.24285 1.1 22.6 3.99e-05 0.087006
4760 10 1.24285 1.1 28.5 6.05e-05 0.087611
4770 10 1.24285 1.1 19.7 0.0001226 0.088837
4780 10 1.24285 1.2 17.8 3.88e-05 0.089225
4790 10 1.24285 1.1 14.7 2.73e-05 0.089498
4800 10 1.24285 1.1 22.2 3.31e-05 0.089829
4810 10 1.25075 1 11.4 2.06e-05 0.090035
4820 10 1.25075 1.1 17.6 2.97e-05 0.090332
4830 10 1.26516 1 10.1 1.49e-05 0.090481
4840 10 1.26583 1 23.8 2.93e-05 0.090774
4850 10 1.27476 1.2 18.2 4.43e-05 0.091217
4860 10 1.27476 1.1 11.3 3.3e-05 0.091547
4870 10 1.27476 1.2 23.1 5.4e-05 0.092087
4880 10 1.27744 1.3 20.9 5.32e-05 0.092619
4890 10 1.27744 1.3 23.4 4.51e-05 0.09307
4900 10 1.27744 1.1 21.2 3.17e-05 0.093387
4910 10 1.27744 1.1 16.3 2.81e-05 0.093668
4920 10 1.27744 1 12.5 1.79e-05 0.093847
4930 10 1.27744 1 12.5 2.73e-05 0.09412
4940 10 1.27744 1.2 19.7 3.74e-05 0.094494
4950 10 1.27744 1 15 2.25e-05 0.094719
4960 10 1.27893 1.1 18 3.36e-05 0.095055
4970 10 1.27893 1 13.4 2.01e-05 0.095256
4980 10 1.28844 1.1 13.7 2.54e-05 0.09551
4990 10 1.28844 1.1 16.7 2.94e-05 0.095804
5000 10 1.28844 1.3 24.5 5.03e-05 0.096307
5010 10 1.28844 1 21.4 1.85e-05 0.096492
5020 10 1.29625 1.2 19.4 3.61e-05 0.096853
5030 10 1.29625 1.2 18.2 3.68e-05 0.097221
5040 10 1.29625 1.1 15.9 3.01e-05 0.097522
5050 10 1.29625 1.1 15.7 2.55e-05 0.097777
5060 10 1.29625 1 16.1 3.43e-05 0.09812
5070 10 1.29625 1 16.6 2.52e-05 0.098372
5080 10 1.29625 1 19.1 2.19e-05 0.098591
5090 10 1.30473 1.2 20.4 3.4e-05 0.098931
5100 10 1.30473 1.2 23.1 3.88e-05 0.099319
5110 10 1.30802 1 13.7 1.88e-05 0.099507
5120 10 1.30802 1 15.7 2e-05 0.099707
5130 10 1.31409 1.1 13.6 2.49e-05 0.099956
5140 10 1.32302 1 15 1.89e-05 0.100145
5150 10 1.32302 1.2 20.6 4.69e-05 0.100614
5160 10 1.3302 1 24.8 2.84e-05 0.100898
5170 10 1.3302 1.4 27.5 5.72e-05 0.10147
5180 10 1.3302 1.1 17.5 3.46e-05 0.101816
5190 10 1.3302 1.1 16.4 3.22e-05 0.102138
5200 10 1.33545 1 14 2.5e-05 0.102388
5210 10 1.33545 1.1 18.7 3.79e-05 0.102767
5220 10 1.33545 1.2 25.9 4.55e-05 0.103222
5230 10 1.34345 1 16.1 3.68e-05 0.10359
5240 10 1.34345 1.2 17.3 4.07e-05 0.103997
5250 10 1.34345 1.1 12.7 3.93e-05 0.10439
5260 10 1.34345 1.2 15.9 4.8e-05 0.10487
5270 10 1.34345 1.3 24.5 4.97e-05 0.105367
5280 10 1.34345 1.2 22.4 3.94e-05 0.105761
5290 10 1.34345 1.1 13.4 3.28e-05 0.106089
5300 10 1.34345 1 12.6 3.09e-05 0.106398
5310 10 1.34345 1 17.1 2.78e-05 0.106676
5320 10 1.34345 1.1 17.5 3.08e-05 0.106984
5330 10 1.34345 1.1 16.1 4.6e-05 0.107444
5340 10 1.34345 1.2 23.7 4.63e-05 0.107907
5350 10 1.34345 1.1 26.6 3.36e-05 0.108243
5360 10 1.34345 1 16.5 2.89e-05 0.108532
5370 10 1.34345 1.3 24.9 3.89e-05 0.108921
5380 10 1.34345 1 18.3 4.8e-05 0.109401
5390 10 1.34345 1.3 17.1 8.41e-05 0.110242
5400 10 1.34345 1 15.7 8.14e-05 0.111056
5410 10 1.34345 1.2 22.4 5.2e-05 0.111576
5420 10 1.34345 1 22.9 4.01e-05 0.111977
5430 10 1.34345 1.2 19.9 3.62e-05 0.112339
5440 10 1.34345 1.2 13.9 4.66e-05 0.112805
5450 10 1.34345 1.1 24.2 4.39e-05 0.113244
5460 10 1.34345 1.1 20.6 4.32e-05 0.113676
5470 10 1.34783 1.2 13.4 3.92e-05 0.114068
5480 10 1.34783 1.2 25 4.64e-05 0.114532
5490 10 1.34783 1 20.2 2.7e-05 0.114802
5500 10 1.34783 1.1 19.5 3.26e-05 0.115128
5510 10 1.34783 1.1 21 3.87e-05 0.115515
5520 10 1.35076 1.2 18.4 5.01e-05 0.116016
5530 10 1.35076 1 17.4 2.24e-05 0.11624
5540 10 1.35076 1.1 19.8 3.42e-05 0.116582
5550 10 1.35076 1.1 21.8 5.12e-05 0.117094
5560 10 1.35076 1 22 2.87e-05 0.117381
5570 10 1.35076 1.1 21.6 4.24e-05 0.117805
5580 10 1.35076 1.2 20.8 4.7e-05 0.118275
5590 10 1.35076 1 12.2 2.43e-05 0.118518
5600 10 1.35076 1 22.7 3.77e-05 0.118895
5610 10 1.35699 1.5 34.8 8.29e-05 0.119724
5620 10 1.35699 1 19.8 2.14e-05 0.119938
5630 10 1.36602 1.1 17.7 3.24e-05 0.120262
5640 10 1.36602 1 15.9 2.38e-05 0.1205
5650 10 1.36602 1 19 3.85e-05 0.120885
5660 10 1.36602 1.2 13.2 4.06e-05 0.121291
5670 10 1.37011 1.1 14.1 2.53e-05 0.121544
5680 10 1.37011 1.2 19.8 4.67e-05 0.122011
5690 10 1.37011 1 15.1 2.54e-05 0.122265
5700 10 1.37011 1.1 18.8 4.19e-05 0.122684
5710 10 1.37011 1.5 25.4 6.82e-05 0.123366
5720 10 1.37011 1.3 16 3.91e-05 0.123757
5730 10 1.37011 1 19.8 2.75e-05 0.124032
5740 10 1.37011 1.1 17.3 3.65e-05 0.124397
5750 10 1.37011 1.1 20.4 4.74e-05 0.124871
5760 10 1.37011 1 16.6 2.2e-05 0.125091
5770 10 1.37011 1 15.2 3.23e-05 0.125414
5780 10 1.37011 1.3 16.1 4.25e-05 0.125839
5790 10 1.37011 1 25.7 3.39e-05 0.126178
5800 10 1.37011 1 25.2 4.72e-05 0.12665
5810 10 1.37011 1 16.6 2.92e-05 0.126942
5820 10 1.37017 1.1 13.2 3.24e-05 0.127266
5830 10 1.37017 1.1 19.8 4.1e-05 0.127676
5840 10 1.37271 1.1 17.9 4.12e-05 0.128088
5850 10 1.38025 1.1 17.1 3.52e-05 0.12844
5860 10 1.38025 1 14.7 2.53e-05 0.128693
5870 10 1.38025 1 17.6 3.09e-05 0.129002
5880 10 1.38025 1.1 18 3.34e-05 0.129336
5890 10 1.38025 1.1 20.7 5.17e-05 0.129853
5900 10 1.39007 1 18.4 3.62e-05 0.130215
5910 10 1.39007 1.1 15.6 3.26e-05 0.130541
5920 10 1.39007 1.2 16.9 3.89e-05 0.13093
5930 10 1.39007 1.3 16.2 5.23e-05 0.131453
5940 10 1.39007 1 15.8 2.56e-05 0.131709
5950 10 1.39007 1.1 17.1 3.83e-05 0.132092
5960 10 1.39007 1.2 18.4 3.57e-05 0.132449
5970 10 1.39007 1 16.1 2.41e-05 0.13269
5980 10 1.39007 1 18.3 3.27e-05 0.133017
5990 10 1.39007 1.1 20.1 3.95e-05 0.133412
6000 10 1.39007 1.1 22.7 3.24e-05 0.133736
6010 10 1.39007 1 15.7 2.4e-05 0.133976
6020 10 1.39007 1 12.4 1.94e-05 0.13417
6030 10 1.39007 1 13.4 2.17e-05 0.134387
6040 10 1.39007 1.3 23.3 5.65e-05 0.134952
6050 10 1.39927 1.2 28.1 5.13e-05 0.135465
6060 10 1.39927 1 22.9 3.42e-05 0.135807
6070 10 1.39927 1.1 22.9 4.43e-05 0.13625
6080 10 1.39965 1.1 19.1 4.76e-05 0.136726
6090 10 1.39965 1 10.5 1.89e-05 0.136915
6100 10 1.39965 1.1 17.1 3.05e-05 0.13722
6110 10 1.39965 1.4 26.2 5.53e-05 0.137773
6120 10 1.39965 1 13.4 2.6e-05 0.138033
6130 10 1.40834 1 21.3 2.77e-05 0.13831
6140 10 1.40834 1.1 14.3 3.5e-05 0.13866
6150 10 1.40834 1.2 24.5 4.56e-05 0.139116
6160 10 1.40834 1 12.2 3.25e-05 0.139441
6170 10 1.40834 1.1 17.1 3.29e-05 0.13977
6180 10 1.40834 1 18.2 3.32e-05 0.140102
6190 10 1.40834 1.1 15.2 3.66e-05 0.140468
6200 10 1.40834 1.1 22.6 3.86e-05 0.140854
6210 10 1.40834 1.1 13.5 3.94e-05 0.141248
6220 10 1.40834 1.2 18 3.84e-05 0.141632
6230 10 1.40834 1.2 12.4 3.55e-05 0.141987
6240 10 1.40834 1 19.3 3.81e-05 0.142368
6250 10 1.40834 1.2 16.7 4.07e-05 0.142775
6260 10 1.40834 1.1 24.4 4.93e-05 0.143268
6270 10 1.41341 1.2 20.5 4.19e-05 0.143687
6280 10 1.41341 1 14.5 4.87e-05 0.144174
6290 10 1.41341 1.1 14.6 3.3e-05 0.144504
6300 10 1.41341 1.3 24.4 5.62e-05 0.145066
6310 10 1.42034 1 17 2.69e-05 0.145335
6320 10 1.42034 1.2 15.4 0.0001564 0.146899
6330 10 1.42034 1 11.8 2.82e-05 0.147181
6340 10 1.42034 1.3 25.2 6e-05 0.147781
6350 10 1.42034 1.1 18.8 3.7e-05 0.148151
6360 10 1.42034 1.2 22.8 5.03e-05 0.148654
6370 10 1.42034 1.1 15.1 5.67e-05 0.149221
6380 10 1.42034 1.1 17 3.9e-05 0.149611
6390 10 1.42034 1.1 16.6 5.49e-05 0.15016
6400 10 1.42777 1.1 13.3 4.03e-05 0.150563
6410 10 1.42777 1.1 15.6 4.6e-05 0.151023
6420 10 1.43685 1 18.1 2.84e-05 0.151307
6430 10 1.43685 1.3 24.7 7.72e-05 0.152079
6440 10 1.44443 1 18.8 2.78e-05 0.152357
6450 10 1.44443 1.1 18.6 3.66e-05 0.152723
6460 10 1.44443 1.1 17.3 2.84e-05 0.153007
6470 10 1.44443 1 18.9 6e-05 0.153607
6480 10 1.44443 1.1 18.3 3.64e-05 0.153971
6490 10 1.44443 1.3 18.3 4.54e-05 0.154425
6500 10 1.44443 1 15.9 3.33e-05 0.154758
6510 10 1.44443 1.1 17.4 3.97e-05 0.155155
6520 10 1.44443 1 16.5 2.75e-05 0.15543
6530 10 1.45004 1 14.5 3.4e-05 0.15577
6540 10 1.45004 1.2 11.9 3.45e-05 0.156115
6550 10 1.45004 1.2 19.4 4.27e-05 0.156542
6560 10 1.45004 1.1 16.7 3.79e-05 0.156921
6570 10 1.45004 1 14.1 2.3e-05 0.157151
6580 10 1.45004 1 18.5 4.01e-05 0.157552
6590 10 1.45004 1.1 20.6 3.53e-05 0.157905
6600 10 1.45004 1 14.3 2.58e-05 0.158163
6610 10 1.457 1 15 4.44e-05 0.158607
6620 10 1.457 1.4 16.8 5.34e-05 0.159141
6630 10 1.457 1 14.2 3.83e-05 0.159524
6640 10 1.457 1.2 25.3 4.38e-05 0.159962
6650 10 1.457 1 16.8 2.49e-05 0.160211
6660 10 1.46462 1.1 16.6 3.38e-05 0.160549
6670 10 1.46462 1.1 18.8 3.47e-05 0.160896
6680 10 1.46462 1.2 25 7.32e-05 0.161628
6690 10 1.46462 1.1 20 4.01e-05 0.162029
6700 10 1.46462 1 18.6 2.46e-05 0.162275
6710 10 1.46932 1 15 2.35e-05 0.16251
6720 10 1.46932 1.1 15.6 3.59e-05 0.162869
6730 10 1.46932 1.1 15.2 3.78e-05 0.163247
6740 10 1.46932 1 9.2 1.96e-05 0.163443
6750 10 1.46932 1.3 24.8 4.18e-05 0.163861
6760 10 1.47776 1.2 21 4.42e-05 0.164303
6770 10 1.47776 1 12.5 3.89e-05 0.164692
6780 10 1.47776 1 14.9 2.85e-05 0.164977
6790 10 1.47776 1 16.9 3.7e-05 0.165347
6800 10 1.48589 1.1 11.1 3.21e-05 0.165668
6810 10 1.48589 1 19.6 3.24e-05 0.165992
6820 10 1.48589 1.1 15.6 3.75e-05 0.166367
6830 10 1.48589 1 16.7 2.77e-05 0.166644
6840 10 1.48589 1 17.2 3.17e-05 0.166961
6850 10 1.48589 1 20.7 3.1e-05 0.167271
6860 10 1.48589 1 11.9 2.27e-05 0.167498
6870 10 1.48589 1.1 17.8 3.58e-05 0.167856
6880 10 1.48589 1.1 15.5 3.93e-05 0.168249
6890 10 1.48589 1.1 14.3 3.31e-05 0.16858
6900 10 1.48589 1.2 22.9 5.78e-05 0.169158
6910 10 1.48589 1.1 15.9 3.39e-05 0.169497
6920 10 1.48589 1.2 25.5 5.55e-05 0.170052
6930 10 1.48589 1 11.1 2.84e-05 0.170336
6940 10 1.48589 1.1 18 3.61e-05 0.170697
6950 10 1.48589 1.1 16.4 3.86e-05 0.171083
6960 10 1.49135 1.3 17.8 4.54e-05 0.171537
6970 10 1.49135 1.1 17.9 3.56e-05 0.171893
6980 10 1.49135 1 10.7 2.33e-05 0.172126
6990 10 1.49135 1.1 19.7 4.47e-05 0.172573
7000 10 1.49135 1.2 18.3 4.81e-05 0.173054
7010 10 1.49135 1.2 17.3 5.82e-05 0.173636
7020 10 1.49135 1 16.9 3.27e-05 0.173963
7030 10 1.49914 1 15.8 2.78e-05 0.174241
7040 10 1.49914 1.1 14.6 5.09e-05 0.17475
7050 10 1.49914 1.4 20.4 4.99e-05 0.175249
7060 10 1.49914 1.1 21.8 4.47e-05 0.175696
7070 10 1.49914 1.1 17.9 4.14e-05 0.17611
7080 10 1.49914 1.1 18.6 3.78e-05 0.176488
7090 10 1.49914 1.1 20.5 4.6e-05 0.176948
7100 10 1.49914 1 15.5 3.68e-05 0.177316
7110 10 1.49914 1 13.9 3.55e-05 0.177671
7120 10 1.49914 1.3 18.7 5.97e-05 0.178268
7130 10 1.49914 1.2 20.5 4.67e-05 0.178735
7140 10 1.49914 1.1 16.4 4.67e-05 0.179202
7150 10 1.49914 1 14.2 3.02e-05 0.179504
7160 10 1.49914 1.1 23 6.37e-05 0.180141
7170 10 1.49914 1.2 24.1 5.04e-05 0.180645
7180 10 1.49914 1.4 22.7 6.39e-05 0.181284
7190 10 1.49914 1 15 3.84e-05 0.181668
7200 10 1.49914 1.1 16.5 4.53e-05 0.182121
7210 10 1.49914 1 14.8 3.14e-05 0.182435
7220 10 1.49914 1.1 14.6 4.26e-05 0.182861
7230 10 1.49914 1.2 21 0.0001413 0.184274
7240 10 1.50577 1.2 15.9 0.0001464 0.185738
7250 10 1.50577 1.1 15.7 0.000126 0.186998
7260 10 1.50577 1.1 12.7 4.42e-05 0.18744
7270 10 1.50577 1 17.3 4.16e-05 0.187856
7280 10 1.50577 1 21.7 3.31e-05 0.188187
7290 10 1.50577 1 21.5 3.73e-05 0.18856
7300 10 1.50577 1 21.8 4.16e-05 0.188976
7310 10 1.50577 1.2 17.9 5.69e-05 0.189545
7320 10 1.50577 1.2 14.2 3.98e-05 0.189943
7330 10 1.50577 1.2 16.8 5.33e-05 0.190476
7340 10 1.50577 1 9.6 3.08e-05 0.190784
7350 10 1.50577 1.1 18.3 5.24e-05 0.191308
7360 10 1.50577 1 17.1 4.7e-05 0.191778
7370 10 1.50577 1.1 15.4 3.75e-05 0.192153
7380 10 1.50577 1.2 19 4.83e-05 0.192636
7390 10 1.51121 1 14.6 3.85e-05 0.193021
7400 10 1.51121 1.1 16.1 4.86e-05 0.193507
7410 10 1.51121 1.3 28.1 5.59e-05 0.194066
7420 10 1.51121 1.2 23.7 5.41e-05 0.194607
7430 10 1.51527 1 14.2 4.18e-05 0.195025
7440 10 1.51527 1.1 19.6 4.79e-05 0.195504
7450 10 1.52277 1.1 16.9 2.94e-05 0.195798
7460 10 1.52277 1 15.5 2.69e-05 0.196067
7470 10 1.52277 1 22 4.21e-05 0.196488
7480 10 1.52277 1 10.3 2.46e-05 0.196734
7490 10 1.52277 1.1 18 4.6e-05 0.197194
7500 10 1.52277 1.2 17 4.7e-05 0.197664
7510 10 1.52277 1.1 15.1 3.67e-05 0.198031
7520 10 1.52277 1 14.4 2.84e-05 0.198315
7530 10 1.52277 1 15.3 3.87e-05 0.198702
7540 10 1.53456 1.2 16.3 4.52e-05 0.199154
7550 10 1.53456 1 14.8 2.33e-05 0.199387
7560 10 1.53456 1.1 20.3 5.06e-05 0.199893
7570 10 1.53456 1.1 16.6 3.79e-05 0.200272
7580 10 1.53456 1 15.2 3.31e-05 0.200603
7590 10 1.53456 1 14.8 2.64e-05 0.200867
7600 10 1.53456 1.1 25.8 5.62e-05 0.201429
7610 10 1.53456 1.2 23.3 5.72e-05 0.202001
7620 10 1.53456 1 14.1 3e-05 0.202301
7630 10 1.53456 1 13.3 2.85e-05 0.202586
7640 10 1.53456 1.1 16.8 3.77e-05 0.202963
7650 10 1.54257 1 15.4 2.67e-05 0.20323
7660 10 1.54257 1.1 16.8 3.9e-05 0.20362
7670 10 1.54257 1 13.3 2.96e-05 0.203916
7680 10 1.54257 1.2 17.2 4.93e-05 0.204409
7690 10 1.54257 1 14 2.54e-05 0.204663
7700 10 1.54257 1 20.5 2.39e-05 0.204902
7710 10 1.54257 1 14.6 2.63e-05 0.205165
7720 10 1.54257 1.1 14.3 4.12e-05 0.205577
7730 10 1.55656 1 24.9 3.6e-05 0.205937
7740 10 1.55656 1.2 20.4 4.76e-05 0.206413
7750 10 1.55656 1.2 24 6.52e-05 0.207065
7760 10 1.56376 1.4 27.6 8.65e-05 0.20793
7770 10 1.56376 1.3 23.9 5.85e-05 0.208515
7780 10 1.56376 1.1 17.9 4.7e-05 0.208985
7790 10 1.56376 1.1 14.7 4.54e-05 0.209439
7800 10 1.56376 1 17.7 3.47e-05 0.209786
7810 10 1.56376 1.2 18.4 5.65e-05 0.210351
7820 10 1.57226 1.1 11.5 3.7e-05 0.210721
7830 10 1.57226 1.3 22.1 6.08e-05 0.211329
7840 10 1.57226 1 17.2 2.58e-05 0.211587
7850 10 1.57226 1.1 28.4 5.65e-05 0.212152
7860 10 1.57819 1 19.4 3e-05 0.212452
7870 10 1.58617 1.2 18.8 5.22e-05 0.212974
7880 10 1.59559 1 12.5 3.43e-05 0.213317
7890 10 1.59559 1.3 20.8 6.73e-05 0.21399
7900 10 1.59559 1.1 21.1 5.15e-05 0.214505
7910 10 1.59559 1.1 12.7 5.1e-05 0.215015
7920 10 1.59559 1.1 19.7 5.41e-05 0.215556
7930 10 1.59559 1 22 4.58e-05 0.216014
7940 10 1.59559 1 22.5 4.22e-05 0.216436
7950 10 1.59559 1.3 22.4 7.5e-05 0.217186
7960 10 1.59559 1.1 18 3.94e-05 0.21758
7970 10 1.59559 1.1 18.3 4.3e-05 0.21801
7980 10 1.59559 1.1 18.5 5.27e-05 0.218537
7990 10 1.59559 1.2 21 6.16e-05 0.219153
8000 10 1.59559 1.2 23.8 6.28e-05 0.219781
8010 10 1.60461 1 14.8 3.74e-05 0.220155
8020 10 1.60461 1 15.1 3.64e-05 0.220519
8030 10 1.60461 1 18.1 2.93e-05 0.220812
8040 10 1.60461 1 18.1 3.04e-05 0.221116
8050 10 1.60461 1.1 14.3 3.74e-05 0.22149
8060 10 1.60461 1 14.5 2.46e-05 0.221736
8070 10 1.60461 1.2 21.5 5.67e-05 0.222303
8080 10 1.60461 1.2 23.3 4.93e-05 0.222796
8090 10 1.60461 1.1 19.3 6.26e-05 0.223422
8100 10 1.60461 1 15 3.48e-05 0.22377
8110 10 1.60461 1.2 21 6.08e-05 0.224378
8120 10 1.60974 1.3 21.4 0.0001533 0.225911
8130 10 1.60974 1 18.6 4.92e-05 0.226403
8140 10 1.60974 1.1 18.6 5.8e-05 0.226983
8150 10 1.60974 1.2 20.1 8.42e-05 0.227825
8160 10 1.61202 1.1 20.5 5.86e-05 0.228411
8170 10 1.61202 1.4 20.6 7.82e-05 0.229193
8180 10 1.6202 1.2 18.8 5.39e-05 0.229732
8190 10 1.6202 1.2 17.6 5.23e-05 0.230255
8200 10 1.6202 1.1 17.9 4.27e-05 0.230682
8210 10 1.6202 1.1 17.2 4.3e-05 0.231112
8220 10 1.62788 1.2 14.9 5.54e-05 0.231666
8230 10 1.62788 1 16.6 2.41e-05 0.231907
8240 10 1.63272 1 13.2 3.5e-05 0.232257
8250 10 1.63272 1.1 18.4 4.27e-05 0.232684
8260 10 1.63272 1 13.8 2.69e-05 0.232953
8270 10 1.63272 1.1 16.5 4.99e-05 0.233452
8280 10 1.63272 1 15 2.64e-05 0.233716
8290 10 1.63272 1 18.9 2.46e-05 0.233962
8300 10 1.63272 1.1 19.7 4.6e-05 0.234422
8310 10 1.64031 1.1 16.7 4.75e-05 0.234897
8320 10 1.64031 1.1 16.2 4.36e-05 0.235333
8330 10 1.64031 1.1 14.8 3.76e-05 0.235709
8340 10 1.64031 1.2 16.5 5.19e-05 0.236228
8350 10 1.64031 1.1 17.4 4.08e-05 0.236636
8360 10 1.64031 1.5 21.4 6.94e-05 0.23733
8370 10 1.64031 1.2 16.1 5.01e-05 0.237831
8380 10 1.64031 1 17.7 2.73e-05 0.238104
8390 10 1.64031 1.1 16 3.3e-05 0.238434
8400 10 1.64031 1.1 26.9 7.9e-05 0.239224
8410 10 1.64031 1.3 26.8 8.01e-05 0.240025
8420 10 1.64031 1.4 25.6 7.03e-05 0.240728
8430 10 1.64031 1 13.8 2.91e-05 0.241019
8440 10 1.64031 1.1 15.7 4.82e-05 0.241501
8450 10 1.64031 1.2 21.6 4.71e-05 0.241972
8460 10 1.64031 1.4 18.2 7.67e-05 0.242739
8470 10 1.64031 1.3 23.6 5.93e-05 0.243332
8480 10 1.64031 1.1 24.4 6.22e-05 0.243954
8490 10 1.64031 1.1 35.3 6.07e-05 0.244561
8500 10 1.64031 1 20.4 4.07e-05 0.244968
8510 10 1.64031 1.1 15.3 3.49e-05 0.245317
8520 10 1.64031 1.3 17.8 6.8e-05 0.245997
8530 10 1.64031 1.2 18.7 5.21e-05 0.246518
8540 10 1.64031 1.1 17.6 4.7e-05 0.246988
8550 10 1.64031 1 13.3 4.36e-05 0.247424
8560 10 1.64031 1.2 18 5.45e-05 0.247969
8570 10 1.64031 1 16.9 3.23e-05 0.248292
8580 10 1.64031 1 19.9 3.55e-05 0.248647
8590 10 1.64031 1 16.3 3.85e-05 0.249032
8600 10 1.64031 1.2 13.6 5.09e-05 0.249541
8610 10 1.64031 1.3 21.4 6.13e-05 0.250154
8620 10 1.64031 1.1 21.2 5.13e-05 0.250667
8630 10 1.64031 1.2 15.6 5.83e-05 0.25125
8640 10 1.64031 1.1 23.1 5.09e-05 0.251759
8650 10 1.64031 1.2 14.2 5.14e-05 0.252273
8660 10 1.64031 1.3 23.9 7.14e-05 0.252987
8670 10 1.64031 1.1 20 6.63e-05 0.25365
8680 10 1.64031 1 14.6 3.1e-05 0.25396
8690 10 1.64031 1 11.5 2.46e-05 0.254206
8700 10 1.64031 1.1 15 5.1e-05 0.254716
8710 10 1.64031 1.2 20.7 4.61e-05 0.255177
8720 10 1.64031 1.2 19.9 5.69e-05 0.255746
8730 10 1.64031 1.1 17.5 5.72e-05 0.256318
8740 10 1.64031 1.1 17.3 4.99e-05 0.256817
8750 10 1.64031 1.2 17.6 5.69e-05 0.257386
8760 10 1.64031 1 16.1 4.18e-05 0.257804
8770 10 1.64031 1.1 19.1 3.11e-05 0.258115
8780 10 1.64031 1.1 17.8 5.26e-05 0.258641
8790 10 1.64031 1.3 24.5 7.05e-05 0.259346
8800 10 1.64031 1 15.8 2.43e-05 0.259589
8810 10 1.64138 1 10.6 2.39e-05 0.259828
8820 10 1.64138 1.1 14.4 5.33e-05 0.260361
8830 10 1.64138 1.1 21.1 5.41e-05 0.260902
8840 10 1.64138 1 15.5 3.3e-05 0.261232
8850 10 1.64843 1.1 15.8 4.78e-05 0.26171
8860 10 1.64843 1 19.2 3.58e-05 0.262068
8870 10 1.64843 1.5 20.3 7.84e-05 0.262852
8880 10 1.64843 1.1 14.8 4.04e-05 0.263256
8890 10 1.65684 1 18.1 3.12e-05 0.263568
8900 10 1.65684 1.1 15.5 4.96e-05 0.264064
8910 10 1.65684 1.1 24.1 6.92e-05 0.264756
8920 10 1.65684 1.2 20.3 7.36e-05 0.265492
8930 10 1.65684 1.2 21.1 5.65e-05 0.266057
8940 10 1.65684 1 17.5 5.85e-05 0.266642
8950 10 1.65684 1.1 17.4 5.92e-05 0.267234
8960 10 1.65684 1.2 19.6 5.69e-05 0.267803
8970 10 1.65684 1 12.5 3.11e-05 0.268114
8980 10 1.66628 1 14.5 3.23e-05 0.268437
8990 10 1.66628 1 20.9 4.57e-05 0.268894
9000 10 1.66628 1.1 10.8 4.81e-05 0.269375
9010 10 1.66628 1 21.6 3.53e-05 0.269728
9020 10 1.6741 1.2 18.2 4.74e-05 0.270202
9030 10 1.6741 1.1 11.3 4.93e-05 0.270695
9040 10 1.6741 1.1 11.5 3.34e-05 0.271029
9050 10 1.68245 1 19.4 2.8e-05 0.271309
9060 10 1.68854 1 16 3.77e-05 0.271686
9070 10 1.68854 1 14.8 2.74e-05 0.27196
9080 10 1.6909 1.1 19.6 5.89e-05 0.272549
9090 10 1.69746 1.1 14.7 4.79e-05 0.273028
9100 10 1.69746 1.1 20.5 6.08e-05 0.273636
9110 10 1.70311 1.1 21.6 5.51e-05 0.274187
9120 10 1.70311 1.1 21.4 5.85e-05 0.274772
9130 10 1.70311 1.3 20.8 6.39e-05 0.275411
9140 10 1.70311 1 18.7 2.68e-05 0.275679
9150 10 1.70311 1.1 18.4 5.82e-05 0.276261
9160 10 1.71092 1 19.2 5.42e-05 0.276803
9170 10 1.71092 1.1 19.3 7.31e-05 0.277534
9180 10 1.71092 1.1 19 5.28e-05 0.278062
9190 10 1.71968 1.1 20 0.0001123 0.279185
9200 10 1.71968 1.4 22.3 6.13e-05 0.279798
9210 10 1.71968 1.1 20.7 5.92e-05 0.28039
9220 10 1.71968 1 17 4.12e-05 0.280802
9230 10 1.71968 1.1 23.9 5.48e-05 0.28135
9240 10 1.71968 1.2 15.5 5.11e-05 0.281861
9250 10 1.71968 1.2 18.9 5.26e-05 0.282387
9260 10 1.71968 1 13.2 2.89e-05 0.282676
9270 10 1.72062 1 16.6 4.81e-05 0.283157
9280 10 1.72062 1.1 14.1 6.42e-05 0.283799
9290 10 1.72062 1.3 21.3 7.07e-05 0.284506
9300 10 1.72062 1.1 17.4 6.47e-05 0.285153
9310 10 1.72062 1.4 30.6 9.01e-05 0.286054
9320 10 1.72062 1.1 19.2 5.04e-05 0.286558
9330 10 1.72062 1.1 22.4 4.63e-05 0.287021
9340 10 1.72476 1.1 10.6 4.33e-05 0.287454
9350 10 1.72476 1 16.6 3.78e-05 0.287832
9360 10 1.72819 1.2 14.7 5.87e-05 0.288419
9370 10 1.72819 1.1 14.6 5.03e-05 0.288922
9380 10 1.72819 1.1 19.3 5.07e-05 0.289429
9390 10 1.72819 1 15.6 5.23e-05 0.289952
9400 10 1.72819 1.1 20.7 4.63e-05 0.290415
9410 10 1.72819 1 16.3 5.28e-05 0.290943
9420 10 1.72819 1.2 20.4 6.49e-05 0.291592
9430 10 1.72819 1 18.3 5.75e-05 0.292167
9440 10 1.72819 1 13.8 3.28e-05 0.292495
9450 10 1.72819 1.1 14.1 4.74e-05 0.292969
9460 10 1.72819 1.1 16 4.51e-05 0.29342
9470 10 1.72819 1 15.3 3.56e-05 0.293776
9480 10 1.72819 1 16.7 4.09e-05 0.294185
9490 10 1.72819 1 16.7 2.46e-05 0.294431
9500 10 1.72819 1.1 26.1 5.88e-05 0.295019
9510 10 1.72819 1.1 21.8 5.9e-05 0.295609
9520 10 1.73273 1.1 19.7 5.61e-05 0.29617
9530 10 1.73273 1.1 18.5 4.03e-05 0.296573
9540 10 1.73273 1.2 20.5 5.5e-05 0.297123
9550 10 1.74048 1.2 17.1 6.19e-05 0.297742
9560 10 1.74048 1.4 17.7 7.36e-05 0.298478
9570 10 1.74048 1 16 3.43e-05 0.298821
9580 10 1.74048 1.1 13.1 4.56e-05 0.299277
9590 10 1.74048 1.2 25.2 6.44e-05 0.299921
9600 10 1.74925 1.2 20.5 5.62e-05 0.300483
9610 10 1.74925 1.1 17.2 5.52e-05 0.301035
9620 10 1.74925 1.1 24.9 6.11e-05 0.301646
9630 10 1.74925 1.1 20.5 4.51e-05 0.302097
9640 10 1.74925 1.1 17.7 4.42e-05 0.302539
9650 10 1.74925 1.2 23.7 5.52e-05 0.303091
9660 10 1.75833 1 11.5 2.58e-05 0.303349
9670 10 1.75833 1.1 17.9 5.52e-05 0.303901
9680 10 1.75833 1 21.1 2.97e-05 0.304198
9690 10 1.75833 1.1 18.2 7.05e-05 0.304903
9700 10 1.76481 1 17.7 3.01e-05 0.305204
9710 10 1.76481 1.2 23.7 5.92e-05 0.305796
9720 10 1.77298 1.3 17.3 6.11e-05 0.306407
9730 10 1.77298 1.3 19.6 6.2e-05 0.307027
9740 10 1.77298 1 18.4 3.02e-05 0.307329
9750 10 1.77298 1 23.1 3.56e-05 0.307685
9760 10 1.77298 1.2 18.4 5.77e-05 0.308262
9770 10 1.77298 1.1 21.4 4.58e-05 0.30872
9780 10 1.77298 1.1 18.9 6.49e-05 0.309369
9790 10 1.77298 1 17.6 4.19e-05 0.309788
9800 10 1.77298 1 16.1 2.79e-05 0.310067
9810 10 1.77674 1.2 17.3 6.05e-05 0.310672
9820 10 1.77674 1.1 15.3 5.77e-05 0.311249
9830 10 1.77674 1.3 22.8 9.88e-05 0.312237
9840 10 1.78432 1.3 24 0.000257 0.314807
9850 10 1.78432 1.3 21.2 6.36e-05 0.315443
9860 10 1.78432 1.2 17.8 5.07e-05 0.31595
9870 10 1.78432 1 15.7 2.9e-05 0.31624
9880 10 1.78432 1.4 19 8.82e-05 0.317122
9890 10 1.78432 1.2 17.7 9.94e-05 0.318116
9900 10 1.78432 1 15.1 5.04e-05 0.31862
9910 10 1.78432 1.2 17.4 6.65e-05 0.319285
9920 10 1.78432 1.1 15.7 6.36e-05 0.319921
9930 10 1.78432 1.1 15.8 6.13e-05 0.320534
9940 10 1.79173 1 19.4 3.26e-05 0.32086
9950 10 1.79173 1.1 19.2 5.59e-05 0.321419
9960 10 1.79173 1 11.9 2.24e-05 0.321643
9970 10 1.79173 1.3 23.5 9.31e-05 0.322574
9980 10 1.79173 1.2 17 6.28e-05 0.323202
9990 10 1.79173 1 14.2 3.18e-05 0.32352
10000 10 1.79173 1 23.7 5.23e-05 0.324043
10010 10 1.79173 1 16.3 2.66e-05 0.324309
10020 10 1.79173 1.1 18.9 3.99e-05 0.324708
10030 10 1.79173 1 20.8 3.62e-05 0.32507
10040 10 1.79173 1.1 19.2 7.12e-05 0.325782
10050 10 1.79173 1.4 25.1 6.93e-05 0.326475
10060 10 1.79173 1 12.1 3.28e-05 0.326803
10070 10 1.79173 1.1 13.2 5.15e-05 0.327318
10080 10 1.79173 1.3 23.5 7.57e-05 0.328075
10090 10 1.79173 1 15.9 5.18e-05 0.328593
10100 10 1.80138 1.3 22.4 8.13e-05 0.329406
10110 10 1.80138 1.2 18.8 6.89e-05 0.330095
10120 10 1.80138 1.3 16 6.85e-05 0.33078
10130 10 1.80138 1.2 19.8 7.3e-05 0.33151
10140 10 1.81106 1.1 17 5.91e-05 0.332101
10150 10 1.81106 1 12.5 2.65e-05 0.332366
10160 10 1.81936 1.3 23.7 6.02e-05 0.332968
10170 10 1.82868 1.3 23.2 8.35e-05 0.333803
10180 10 1.82868 1 22.5 5.78e-05 0.334381
10190 10 1.82868 1.1 14.1 6.8e-05 0.335061
10200 10 1.83297 1 14 4.75e-05 0.335536
10210 10 1.83297 1 20.8 5.28e-05 0.336064
10220 10 1.83297 1.1 12.2 5.28e-05 0.336592
10230 10 1.83297 1.2 20.2 6.54e-05 0.337246
10240 10 1.83297 1.2 25.9 6.48e-05 0.337894
10250 10 1.83297 1 11.7 3.52e-05 0.338246
10260 10 1.83442 1 16.1 2.57e-05 0.338503
10270 10 1.84213 1.2 22.7 6.64e-05 0.339167
10280 10 1.84213 1.2 17 5.77e-05 0.339744
10290 10 1.84213 1 14.4 3.39e-05 0.340083
10300 10 1.84213 1.2 19.1 6.54e-05 0.340737
10310 10 1.84213 1.2 24.7 7.6e-05 0.341497
10320 10 1.84213 1 20.5 8.91e-05 0.342388
10330 10 1.84213 1 16.2 3.57e-05 0.342745
10340 10 1.84213 1.2 15.9 4.97e-05 0.343242
10350 10 1.84213 1 18.5 6.14e-05 0.343856
10360 10 1.85171 1.1 12.2 3.82e-05 0.344238
10370 10 1.85171 1.3 16.8 6.68e-05 0.344906
10380 10 1.85171 1.1 19.8 6.54e-05 0.34556
10390 10 1.85171 1 16.6 5.08e-05 0.346068
10400 10 1.85981 1.1 15.1 6.02e-05 0.34667
10410 10 1.85981 1.1 20.1 5.38e-05 0.347208
10420 10 1.85981 1.2 25.8 7.66e-05 0.347974
10430 10 1.85981 1.1 23.1 5.83e-05 0.348557
10440 10 1.86255 1 18.7 4.71e-05 0.349028
10450 10 1.86255 1 12 3.9e-05 0.349418
10460 10 1.86255 1.2 12.7 6.8e-05 0.350098
10470 10 1.8711 1.1 17.5 5.5e-05 0.350648
10480 10 1.8711 1.3 28.6 8.07e-05 0.351455
10490 10 1.87659 1.2 14.6 6.1e-05 0.352065
10500 10 1.87659 1.5 36.4 9.9e-05 0.353055
10510 10 1.87659 1.1 23.8 5.83e-05 0.353638
10520 10 1.87659 1.2 18.1 6.58e-05 0.354296
10530 10 1.87659 1 17.4 3.04e-05 0.3546
10540 10 1.87659 1.2 19.1 5.25e-05 0.355125
10550 10 1.87659 1 15.9 5.05e-05 0.35563
10560 10 1.88248 1.1 17.1 4.84e-05 0.356114
10570 10 1.88248 1.1 27.7 7.68e-05 0.356882
10580 10 1.88248 1 23.6 3.82e-05 0.357264
10590 10 1.88248 1.1 12.2 6.32e-05 0.357896
10600 10 1.88248 1.2 25 6.82e-05 0.358578
10610 10 1.88248 1 16.3 3.07e-05 0.358885
10620 10 1.89145 1.1 14.2 4.32e-05 0.359317
10630 10 1.89145 1.2 16.2 6.83e-05 0.36
10640 10 1.89145 1 15.5 4.03e-05 0.360403
10650 10 1.89145 1 16.5 4.79e-05 0.360882
10660 10 1.89945 1.2 14.9 6.73e-05 0.361555
10670 10 1.9091 1.1 14.6 7.59e-05 0.362314
10680 10 1.9091 1 13.5 4.75e-05 0.362789
10690 10 1.9091 1 16.2 5.2e-05 0.363309
10700 10 1.9091 1.4 26.2 8.53e-05 0.364162
10710 10 1.9091 1.1 17.2 4.82e-05 0.364644
10720 10 1.9091 1 16.2 3.05e-05 0.364949
10730 10 1.91796 1.1 13.2 7.1e-05 0.365659
10740 10 1.92232 1.2 21.3 8.52e-05 0.366511
10750 10 1.92232 1.2 20.3 6.62e-05 0.367173
10760 10 1.92232 1.2 21.1 0.0001022 0.368195
10770 10 1.92232 1.2 18.7 7e-05 0.368895
10780 10 1.92232 1.1 21.6 7.26e-05 0.369621
10790 10 1.92232 1.2 17.6 4.04e-05 0.370025
10800 10 1.92232 1.1 21.2 5.69e-05 0.370594
10810 10 1.92232 1.1 16.1 4.1e-05 0.371004
10820 10 1.92983 1 20.6 5.73e-05 0.371577
10830 10 1.92983 1.2 24.3 6.57e-05 0.372234
10840 10 1.92983 1.2 20.4 6.75e-05 0.372909
10850 10 1.92983 1 13.4 3.62e-05 0.373271
10860 10 1.92983 1.1 20.9 3.64e-05 0.373635
10870 10 1.92983 1.1 27.1 5.07e-05 0.374142
10880 10 1.92983 1.1 13.7 6.38e-05 0.37478
10890 10 1.92983 1 20.5 4.14e-05 0.375194
10900 10 1.92983 1.1 19.4 6.54e-05 0.375848
10910 10 1.92983 1 17.4 4.13e-05 0.376261
10920 10 1.92983 1.1 16.3 4.15e-05 0.376676
10930 10 1.92983 1.3 21 8.8e-05 0.377556
10940 10 1.92983 1.1 25.7 8.19e-05 0.378375
10950 10 1.92983 1.2 21 7.81e-05 0.379156
10960 10 1.92983 1 14.5 6.4e-05 0.379796
10970 10 1.92983 1.4 24.1 9.48e-05 0.380744
10980 10 1.92983 1.1 20.3 7.11e-05 0.381455
10990 10 1.92983 1.1 21 7.21e-05 0.382176
11000 10 1.93345 1 24.4 4.96e-05 0.382672
11010 10 1.93345 1 13.1 4.55e-05 0.383127
11020 10 1.93345 1.2 17.7 6.97e-05 0.383824
11030 10 1.93345 1.1 16.9 6.36e-05 0.38446
11040 10 1.93345 1.1 20.5 6.97e-05 0.385157
11050 10 1.93345 1.3 20.6 6.92e-05 0.385849
11060 10 1.93345 1.2 17.4 8.22e-05 0.386671
11070 10 1.93345 1 17.5 4.28e-05 0.387099
11080 10 1.93345 1.1 20.2 7.64e-05 0.387863
11090 10 1.93677 1 18.9 3.54e-05 0.388217
11100 10 1.93677 1.1 14.9 5.35e-05 0.388752
11110 10 1.93677 1.2 18.1 6.31e-05 0.389383
11120 10 1.93677 1 18.3 4.67e-05 0.38985
11130 10 1.93677 1.1 15 5.57e-05 0.390407
11140 10 1.93677 1 23.3 6.04e-05 0.391011
11150 10 1.93677 1.2 23.4 6.61e-05 0.391672
11160 10 1.93677 1 22.6 3.65e-05 0.392037
11170 10 1.93677 1.1 19.2 7.84e-05 0.392821
11180 10 1.93677 1.1 16.7 6.77e-05 0.393498
11190 10 1.93677 1 14.1 5.48e-05 0.394046
11200 10 1.93677 1.2 25 7.15e-05 0.394761
11210 10 1.94538 1.2 20.8 7.59e-05 0.39552
11220 10 1.94538 1.2 19.4 7.51e-05 0.396271
11230 10 1.94538 1.1 17.5 4.94e-05 0.396765
11240 10 1.94538 1 22.1 6.6e-05 0.397425
11250 10 1.94538 1.2 15.7 6.93e-05 0.398118
11260 10 1.94538 1 19.8 7.06e-05 0.398824
11270 10 1.94538 1 19.1 5.48e-05 0.399372
11280 10 1.94538 1.2 23.3 0.0001298 0.40067
11290 10 1.94538 1.1 20.8 7.78e-05 0.401448
11300 10 1.94538 1.1 20.3 4.97e-05 0.401945
11310 10 1.94538 1.1 29.4 6.59e-05 0.402604
11320 10 1.94538 1.4 25.5 0.0001084 0.403688
11330 10 1.94538 1 21.5 3.82e-05 0.40407
11340 10 1.94538 1.1 16.2 5.25e-05 0.404595
11350 10 1.94538 1 13.8 3.45e-05 0.40494
11360 10 1.94538 1.1 14.6 5.06e-05 0.405446
11370 10 1.94538 1 19.7 4.97e-05 0.405943
11380 10 1.94538 1.3 18.1 6.3e-05 0.406573
11390 10 1.94538 1 14 3.5e-05 0.406923
11400 10 1.94538 1.3 27.7 8.64e-05 0.407787
11410 10 1.94538 1.3 25.9 0.0001067 0.408854
11420 10 1.94538 1.1 14 4.66e-05 0.40932
11430 10 1.94538 1.1 14.9 6.14e-05 0.409934
11440 10 1.94538 1.1 16.8 4.09e-05 0.410343
11450 10 1.94538 1 17.8 4.8e-05 0.410823
11460 10 1.94538 1.1 12.8 6.4e-05 0.411463
11470 10 1.94538 1.2 15.7 6.59e-05 0.412122
11480 10 1.94901 1.1 17.6 7.51e-05 0.412873
11490 10 1.9532 1.1 16.6 6.95e-05 0.413568
11500 10 1.9532 1.3 18.4 0.0002926 0.416494
11510 10 1.9532 1.2 17.6 6.22e-05 0.417116
11520 10 1.9532 1 14.8 4.09e-05 0.417525
11530 10 1.9532 1.1 17.5 5.93e-05 0.418118
11540 10 1.9532 1.3 21 7.34e-05 0.418852
11550 10 1.9532 1 21.2 6.84e-05 0.419536
11560 10 1.96067 1.1 17.3 6.88e-05 0.420224
11570 10 1.96067 1.2 16.3 5.56e-05 0.42078
11580 10 1.96067 1.1 22 6.79e-05 0.421459
11590 10 1.96067 1 11.2 7.49e-05 0.422208
11600 10 1.96067 1.1 14 5.84e-05 0.422792
11610 10 1.96067 1.1 16.1 6.48e-05 0.42344
11620 10 1.96067 1 14.5 3.11e-05 0.423751
11630 10 1.96421 1.1 18.9 6.89e-05 0.42444
11640 10 1.96421 1.2 22.1 9.41e-05 0.425381
11650 10 1.96421 1.1 18.9 6.4e-05 0.426021
11660 10 1.96421 1 16.8 3.67e-05 0.426388
11670 10 1.96421 1.1 17.5 6e-05 0.426988
11680 10 1.96421 1.2 21.5 8.45e-05 0.427833
11690 10 1.9719 1.3 21 7.64e-05 0.428597
11700 10 1.9719 1.2 20.6 5.97e-05 0.429194
11710 10 1.9719 1.1 15 6.26e-05 0.42982
11720 10 1.9719 1 18.5 3.63e-05 0.430183
11730 10 1.9719 1.3 26.2 0.0001185 0.431368
11740 10 1.9719 1.1 13.4 7.08e-05 0.432076
11750 10 1.9719 1.1 19.9 5.74e-05 0.43265
11760 10 1.97759 1.1 18 7.52e-05 0.433402
11770 10 1.97759 1.2 22.9 8.35e-05 0.434237
11780 10 1.97759 1 16.5 3.34e-05 0.434571
11790 10 1.97759 1.1 18.9 7.99e-05 0.43537
11800 10 1.97759 1.1 17 6.99e-05 0.436069
11810 10 1.97759 1.2 16.1 8.71e-05 0.43694
11820 10 1.97759 1.2 23.2 9.02e-05 0.437842
11830 10 1.97759 1 16.3 4.39e-05 0.438281
11840 10 1.97759 1.1 24.2 8.31e-05 0.439112
11850 10 1.97759 1 16.4 3.26e-05 0.439438
11860 10 1.97759 1 19.8 3.94e-05 0.439832
11870 10 1.98742 1.2 15.3 5.69e-05 0.440401
11880 10 1.98742 1 15.4 3.96e-05 0.440797
11890 10 1.98742 1.1 17 6.42e-05 0.441439
11900 10 1.98742 1.1 19.8 5.13e-05 0.441952
11910 10 1.98742 1.3 22.3 7.32e-05 0.442684
11920 10 1.98742 1.2 22 8.12e-05 0.443496
11930 10 1.98742 1.3 17.2 9.12e-05 0.444408
11940 10 1.98742 1 22.3 3.19e-05 0.444727
11950 10 1.98742 1.1 16.6 7.28e-05 0.445455
11960 10 1.98742 1 20.9 5.8e-05 0.446035
11970 10 1.98742 1.1 15.6 6.75e-05 0.44671
11980 10 1.98742 1.1 21.5 8.52e-05 0.447562
11990 10 1.98742 1.2 16.5 9.65e-05 0.448527
12000 10 1.98742 1.1 23.3 5.81e-05 0.449108
12010 10 1.98742 1.1 15.1 6.72e-05 0.44978
12020 10 1.98742 1.1 14 6.73e-05 0.450453
12030 10 1.98742 1 16.9 6.04e-05 0.451057
12040 10 1.98742 1.3 19.5 8.82e-05 0.451939
12050 10 1.98742 1.5 19.3 0.0001019 0.452958
12060 10 1.98742 1 18 4.59e-05 0.453417
12070 10 1.98742 1 13 4.86e-05 0.453903
12080 10 1.99539 1.1 16.3 4.37e-05 0.45434
12090 10 2.00335 1 13.7 3.64e-05 0.454704
12100 10 2.00335 1.1 16 9.21e-05 0.455625
12110 10 2.00335 1.1 23.2 4.7e-05 0.456095
12120 10 2.00335 1.1 20.6 7.18e-05 0.456813
12130 10 2.00335 1.1 16.1 7.47e-05 0.45756
12140 10 2.00335 1 13.5 4.87e-05 0.458047
12150 10 2.00335 1.2 22.5 7.42e-05 0.458789
12160 10 2.00983 1 11.4 4.52e-05 0.459241
12170 10 2.01873 1.1 28.3 7.06e-05 0.459947
12180 10 2.01873 1 16.5 6.94e-05 0.460641
12190 10 2.01873 1.1 21.6 7.78e-05 0.461419
12200 10 2.01873 1.2 27.7 7.21e-05 0.46214
12210 10 2.01873 1.2 18.4 9.95e-05 0.463135
12220 10 2.01873 1.1 22.6 8.33e-05 0.463968
12230 10 2.01873 1 14.4 6.14e-05 0.464582
12240 10 2.01873 1.1 16 7.57e-05 0.465339
12250 10 2.01873 1 18.1 3.87e-05 0.465726
12260 10 2.01873 1 16.8 6.01e-05 0.466327
12270 10 2.01873 1.1 15.5 6.47e-05 0.466974
12280 10 2.01873 1.3 18 8.97e-05 0.467871
12290 10 2.01873 1 15.1 4.97e-05 0.468368
12300 10 2.01873 1.1 22.3 0.0001977 0.470345
12310 10 2.01873 1.1 19.6 6.7e-05 0.471015
12320 10 2.01873 1 21.2 6.53e-05 0.471668
12330 10 2.01873 1 19 3.44e-05 0.472012
12340 10 2.01873 1.1 19.6 6.83e-05 0.472695
12350 10 2.01873 1 21 5.6e-05 0.473255
12360 10 2.02824 1.1 16.7 9.56e-05 0.474211
12370 10 2.02824 1.2 29.2 9.79e-05 0.47519
12380 10 2.03011 1 13.5 4.96e-05 0.475686
12390 10 2.03011 1.3 21.2 0.0001004 0.47669
12400 10 2.03343 1 17.6 4.57e-05 0.477147
12410 10 2.03343 1.2 21.8 7.52e-05 0.477899
12420 10 2.03343 1.3 19.4 9.23e-05 0.478822
12430 10 2.03896 1 22.5 7.8e-05 0.479602
12440 10 2.03896 1.2 16 5.96e-05 0.480198
12450 10 2.03896 1 20.8 5.46e-05 0.480744
12460 10 2.03896 1.2 12.9 6.62e-05 0.481406
12470 10 2.03896 1 17.1 3.46e-05 0.481752
12480 10 2.03896 1.2 23 6.62e-05 0.482414
12490 10 2.03896 1.2 16.7 6.61e-05 0.483075
12500 10 2.03896 1.2 19.8 9.08e-05 0.483983
12510 10 2.03896 1 13.1 3.71e-05 0.484354
12520 10 2.03896 1 13 5.95e-05 0.484949
12530 10 2.03896 1 23.2 4.28e-05 0.485377
12540 10 2.03896 1.1 15.9 5.09e-05 0.485886
12550 10 2.03896 1.1 17.3 6.34e-05 0.48652
12560 10 2.03896 1.2 22.5 8.11e-05 0.487331
12570 10 2.03896 1.2 25.3 9.5e-05 0.488281
12580 10 2.03896 1.1 15 5.66e-05 0.488847
12590 10 2.03896 1.1 15 6.17e-05 0.489464
12600 10 2.03896 1.1 13.1 7.68e-05 0.490232
12610 10 2.03896 1 20.4 5.11e-05 0.490743
12620 10 2.03896 1.3 20.5 0.0001105 0.491848
12630 10 2.03896 1.2 11.4 8e-05 0.492648
12640 10 2.03896 1.1 19.9 8e-05 0.493448
12650 10 2.03896 1.4 16.9 8.72e-05 0.49432
12660 10 2.0406 1.6 22.9 0.0001324 0.495644
12670 10 2.05386 1 15.4 6.11e-05 0.496255
12680 10 2.05386 1 17.1 5.47e-05 0.496802
12690 10 2.05386 1.1 31.6 7.16e-05 0.497518
12700 10 2.05386 1.2 19.9 9.19e-05 0.498437
12710 10 2.05742 1 17.6 0.0001057 0.499494
12720 10 2.05742 1 19 4.25e-05 0.499919
12730 10 2.05742 1 15.5 5.52e-05 0.500471
12740 10 2.06478 1 21.2 4.41e-05 0.500912
12750 10 2.06478 1.1 15 4.82e-05 0.501394
12760 10 2.06478 1 17.1 3.75e-05 0.501769
12770 10 2.06478 1.1 12.8 7.01e-05 0.50247
12780 10 2.06478 1.1 19 7.69e-05 0.503239
12790 10 2.06478 1.1 23.3 8.02e-05 0.504041
12800 10 2.06478 1.2 20 9.55e-05 0.504996
12810 10 2.06478 1.1 18.5 6.76e-05 0.505672
12820 10 2.06478 1.1 19.1 7.2e-05 0.506392
12830 10 2.06478 1.1 24.2 0.0001043 0.507435
12840 10 2.06478 1 17.8 6.18e-05 0.508053
12850 10 2.06478 1.1 15.2 8.61e-05 0.508914
12860 10 2.08209 1 15.2 4.45e-05 0.509359
12870 10 2.08209 1.2 16.3 7.82e-05 0.510141
12880 10 2.08209 1.1 16.1 0.000108 0.511221
12890 10 2.08209 1.1 19.8 9.36e-05 0.512157
12900 10 2.08209 1.5 18.2 0.0001081 0.513238
12910 10 2.08209 1.2 20.3 9.2e-05 0.514158
12920 10 2.08209 1.2 23 0.0001085 0.515243
12930 10 2.0912 1.1 24.1 5.56e-05 0.515799
12940 10 2.0912 1.2 22.6 0.0001274 0.517073
12950 10 2.0912 1.3 30.9 0.0001545 0.518618
12960 10 2.0912 1.1 14.4 8.02e-05 0.51942
12970 10 2.09487 1 15.3 5.96e-05 0.520016
12980 10 2.09487 1.1 21.2 0.0001192 0.521208
12990 10 2.09487 1.1 23.8 0.0001364 0.522572
13000 10 2.09487 1 14.9 6.09e-05 0.523181
13010 10 2.09487 1.3 18.3 8.47e-05 0.524028
13020 10 2.09487 1 15.2 3.23e-05 0.524351
13030 10 2.09487 1.1 16.8 6.68e-05 0.525019
13040 10 2.09487 1.2 17.7 7.97e-05 0.525816
13050 10 2.09487 1.1 19.3 8.34e-05 0.52665
13060 10 2.09487 1 16.9 5.86e-05 0.527236
13070 10 2.09487 1.2 26.7 0.000493 0.532166
13080 10 2.09487 1.1 18.2 0.0001955 0.534121
13090 10 2.09487 1 15.2 6.3e-05 0.534751
13100 10 2.09487 1.2 18.7 9.42e-05 0.535693
13110 10 2.09487 1.1 14.1 0.000121 0.536903
13120 10 2.09487 1.1 16.9 5.3e-05 0.537433
13130 10 2.09487 1.1 28.5 0.0001056 0.538489
13140 10 2.09487 1.2 18.4 8.05e-05 0.539294
13150 10 2.09487 1 18.2 7e-05 0.539994
13160 10 2.09487 1.1 14.7 6.35e-05 0.540629
13170 10 2.09487 1 13.2 4.65e-05 0.541094
13180 10 2.09487 1 16.1 6.91e-05 0.541785
13190 10 2.09487 1 18.5 3.87e-05 0.542172
13200 10 2.09487 1 16.9 4.21e-05 0.542593
13210 10 2.09487 1 18 4.78e-05 0.543071
13220 10 2.09487 1 13.3 3.62e-05 0.543433
13230 10 2.09487 1 15.4 6.98e-05 0.544131
13240 10 2.09487 1 15.5 3.92e-05 0.544523
13250 10 2.09487 1.3 16.5 7.66e-05 0.545289
13260 10 2.09487 1 13.2 6.22e-05 0.545911
13270 10 2.09487 1.1 20.1 6.9e-05 0.546601
13280 10 2.09487 1.1 17.4 7.22e-05 0.547323
13290 10 2.09487 1 17.6 4.54e-05 0.547777
13300 10 2.09487 1.1 13 6.46e-05 0.548423
13310 10 2.09487 1 14 3.57e-05 0.54878
13320 10 2.09487 1.2 14.6 0.0001025 0.549805
13330 10 2.09487 1 14.6 4.16e-05 0.550221
13340 10 2.09487 1.2 22.7 9.84e-05 0.551205
13350 10 2.09487 1.3 26.5 8.91e-05 0.552096
13360 10 2.09487 1.1 20.1 8.66e-05 0.552962
13370 10 2.09487 1 17.7 5.95e-05 0.553557
13380 10 2.09487 1.1 18.7 6.03e-05 0.55416
13390 10 2.09487 1 19.1 0.0001024 0.555184
13400 10 2.09487 1 18.6 5.16e-05 0.5557
13410 10 2.09487 1.1 18.8 5.8e-05 0.55628
13420 10 2.09487 1.2 11.9 8.17e-05 0.557097
13430 10 2.09487 1 14.5 3.45e-05 0.557442
13440 10 2.09487 1.1 17.6 7.73e-05 0.558215
13450 10 2.10386 1.2 15.7 7.69e-05 0.558984
13460 10 2.10386 1 12.7 4.11e-05 0.559395
13470 10 2.10386 1.1 16.9 9.57e-05 0.560352
13480 10 2.10386 1.1 17.5 7.99e-05 0.561151
13490 10 2.10672 1.1 19.9 7.56e-05 0.561907
13500 10 2.10672 1.2 21.3 8.09e-05 0.562716
13510 10 2.10672 1.1 15.5 0.0001042 0.563758
13520 10 2.10672 1 23.9 6.59e-05 0.564417
13530 10 2.10672 1 15.9 4.65e-05 0.564882
13540 10 2.10672 1.1 17.5 8.66e-05 0.565748
13550 10 2.11476 1 15.6 4.92e-05 0.56624
13560 10 2.11476 1.3 17.3 8.94e-05 0.567134
13570 10 2.11476 1 22.5 6.81e-05 0.567815
13580 10 2.11476 1.1 14.3 6.92e-05 0.568507
13590 10 2.11476 1.1 22.5 8.31e-05 0.569338
13600 10 2.11476 1.1 22.3 6.73e-05 0.570011
13610 10 2.11476 1 23.3 7.45e-05 0.570756
13620 10 2.11476 1.2 18.5 0.0001137 0.571893
13630 10 2.11476 1.3 23.2 0.0001214 0.573107
13640 10 2.11538 1.1 24.3 6.11e-05 0.573718
13650 10 2.12297 1.2 16.3 9.66e-05 0.574684
13660 10 2.12297 1.1 15.9 7.5e-05 0.575434
13670 10 2.12297 1.2 21.4 0.0001058 0.576492
13680 10 2.12297 1.2 25.9 9.88e-05 0.57748
13690 10 2.12297 1 15.3 4.11e-05 0.577891
13700 10 2.12297 1 9.8 5.33e-05 0.578424
13710 10 2.12297 1.1 18.5 4.3e-05 0.578854
13720 10 2.12297 1.1 18.2 7.47e-05 0.579601
13730 10 2.12297 1.1 17.2 6.61e-05 0.580262
13740 10 2.12297 1.2 18 8.89e-05 0.581151
13750 10 2.12297 1 15.6 5.65e-05 0.581716
13760 10 2.12297 1 13.6 3.38e-05 0.582054
13770 10 2.12297 1 23.9 4.76e-05 0.58253
13780 10 2.12297 1.2 16 8.2e-05 0.58335
13790 10 2.12297 1 14.9 5.77e-05 0.583927
13800 10 2.12297 1.2 13.5 0.000105 0.584977
13810 10 2.12297 1.1 16.5 6.94e-05 0.585671
13820 10 2.12297 1.1 20.5 0.0001004 0.586675
13830 10 2.12297 1.2 19.6 8.64e-05 0.587539
13840 10 2.12297 1.1 22.6 0.000288 0.590419
13850 10 2.12297 1 21.8 5.08e-05 0.590927
13860 10 2.12297 1.2 15.1 0.0001369 0.592296
13870 10 2.12297 1.1 15.6 6.03e-05 0.592899
13880 10 2.12297 1.1 15.5 8.89e-05 0.593788
13890 10 2.12297 1.2 25.9 0.0001097 0.594885
13900 10 2.12297 1 11.4 3.4e-05 0.595225
13910 10 2.12297 1 16.8 4.14e-05 0.595639
13920 10 2.12297 1.1 10.8 3.85e-05 0.596024
13930 10 2.12297 1 13.6 3.75e-05 0.596399
13940 10 2.12297 1.3 19.8 0.0001007 0.597406
13950 10 2.12297 1.1 15.5 4.61e-05 0.597867
13960 10 2.12297 1.2 17.9 8.85e-05 0.598752
13970 10 2.12297 1 13.3 4.16e-05 0.599168
13980 10 2.12297 1 14.6 3.85e-05 0.599553
13990 10 2.12297 1.1 17.8 6.57e-05 0.60021
14000 10 2.12297 1 19.4 5.31e-05 0.600741
14010 10 2.12297 1.1 23.7 9.05e-05 0.601646
14020 10 2.12297 1 13.5 3.47e-05 0.601993
14030 10 2.12297 1 16.1 5.75e-05 0.602568
14040 10 2.12297 1 12.7 4.71e-05 0.603039
14050 10 2.12297 1 21.7 5.56e-05 0.603595
14060 10 2.12297 1.1 23.4 9.55e-05 0.60455
14070 10 2.12297 1 12.5 7.54e-05 0.605304
14080 10 2.12297 1 11.1 4.92e-05 0.605796
14090 10 2.12297 1 26.4 6.89e-05 0.606485
14100 10 2.12914 1 19.8 5.07e-05 0.606992
14110 10 2.12914 1.3 15.9 9.88e-05 0.60798
14120 10 2.12914 1 13.2 6.62e-05 0.608642
14130 10 2.12914 1 17.4 4.95e-05 0.609137
14140 10 2.12914 1.1 21.9 6.25e-05 0.609762
14150 10 2.12914 1.2 25.1 9.42e-05 0.610704
14160 10 2.12914 1 21.1 0.0001086 0.61179
14170 10 2.12914 1.2 16.2 0.000102 0.61281
14180 10 2.12914 1 12.5 5.76e-05 0.613386
14190 10 2.12914 1 13.8 8.69e-05 0.614255
14200 10 2.12914 1 21.1 6.81e-05 0.614936
14210 10 2.12914 1.1 17.1 7.97e-05 0.615733
14220 10 2.12914 1 15.4 5.22e-05 0.616255
14230 10 2.12914 1.3 18.1 0.0001205 0.61746
14240 10 2.12914 1 20.5 4.03e-05 0.617863
14250 10 2.12914 1 23.1 6.98e-05 0.618561
14260 10 2.13813 1.2 17.3 9.36e-05 0.619497
14270 10 2.1424 1 13 5.32e-05 0.620029
14280 10 2.1424 1 21.2 6.71e-05 0.6207
14290 10 2.15085 1.2 14 8.01e-05 0.621501
14300 10 2.16005 1 15.9 4.68e-05 0.621969
14310 10 2.16005 1.2 13.1 7.77e-05 0.622746
14320 10 2.16005 1.1 18.7 9.67e-05 0.623713
14330 10 2.16005 1 12.6 4.25e-05 0.624138
14340 10 2.16005 1 20.1 7.83e-05 0.624921
14350 10 2.16005 1.4 21 0.0001193 0.626114
14360 10 2.16005 1.1 14.7 5.78e-05 0.626692
14370 10 2.16005 1 23.2 0.0001128 0.62782
14380 10 2.16746 1.1 16 6.28e-05 0.628448
14390 10 2.16746 1 14.6 3.55e-05 0.628803
14400 10 2.16746 1 14 5.23e-05 0.629326
14410 10 2.16746 1 18.6 8.27e-05 0.630153
14420 10 2.16746 1.1 18.8 6.22e-05 0.630775
14430 10 2.16746 1 16.1 6.84e-05 0.631459
14440 10 2.16746 1.1 20.5 5.04e-05 0.631963
14450 10 2.16746 1.1 18.4 7.68e-05 0.632731
14460 10 2.16746 1.1 18.3 6.25e-05 0.633356
14470 10 2.16746 1.1 19.9 8.92e-05 0.634248
14480 10 2.16746 1.2 24.2 0.0001072 0.63532
14490 10 2.17931 1 14 8.2e-05 0.63614
14500 10 2.17931 1.2 20.2 9.01e-05 0.637041
14510 10 2.17931 1.1 19.3 0.0001098 0.638139
14520 10 2.17963 1.2 19.3 8.55e-05 0.638994
14530 10 2.17963 1 19.3 4.51e-05 0.639445
14540 10 2.17963 1.1 16.5 6.15e-05 0.64006
14550 10 2.17963 1 19.6 3.81e-05 0.640441
14560 10 2.17963 1.1 20.1 8.96e-05 0.641337
14570 10 2.17963 1.2 17.2 8.86e-05 0.642223
14580 10 2.17963 1.1 18.2 7.34e-05 0.642957
14590 10 2.17963 1.2 20.8 8.91e-05 0.643848
14600 10 2.17963 1.1 17.1 6.43e-05 0.644491
14610 10 2.17963 1 14.7 4.16e-05 0.644907
14620 10 2.17963 1.1 12.9 8.3e-05 0.645737
14630 10 2.17963 1 15.5 7.69e-05 0.646506
14640 10 2.17963 1.2 19.7 8.99e-05 0.647405
14650 10 2.17963 1.1 21.2 7.82e-05 0.648187
14660 10 2.17963 1.1 17.4 7.98e-05 0.648985
14670 10 2.1869 1 21.2 6.95e-05 0.64968
14680 10 2.19498 1.1 18.1 9.29e-05 0.650609
14690 10 2.19527 1 11.6 3.63e-05 0.650972
14700 10 2.20203 1.1 12.7 6.3e-05 0.651602
14710 10 2.20203 1.1 14.2 0.000116 0.652762
14720 10 2.20203 1.1 14.7 6.92e-05 0.653454
14730 10 2.20242 1.4 19 0.0001002 0.654456
14740 10 2.20242 1.2 20.9 8.02e-05 0.655258
14750 10 2.20799 1 15 4.65e-05 0.655723
14760 10 2.21582 1.2 19.2 9.34e-05 0.656657
14770 10 2.21582 1.2 15.4 9.41e-05 0.657598
14780 10 2.21582 1 15 3.86e-05 0.657984
14790 10 2.21582 1 14.2 3.02e-05 0.658286
14800 10 2.21582 1 14.4 4.21e-05 0.658707
14810 10 2.21582 1 18.4 8.23e-05 0.65953
14820 10 2.21731 1.2 18.1 6.94e-05 0.660224
14830 10 2.22452 1 18.6 5.09e-05 0.660733
14840 10 2.22452 1.1 16.2 8.7e-05 0.661603
14850 10 2.22452 1.1 22.4 8.31e-05 0.662434
14860 10 2.22452 1 19.3 5.85e-05 0.663019
14870 10 2.22452 1 14.3 4.29e-05 0.663448
14880 10 2.22994 1 28.4 7.19e-05 0.664167
14890 10 2.22994 1.2 24 0.0001063 0.66523
14900 10 2.22994 1.2 14.9 9.25e-05 0.666155
14910 10 2.23118 1 13.5 4.25e-05 0.66658
14920 10 2.23118 1.2 18.1 0.0001035 0.667615
14930 10 2.23463 1.1 16.6 7.56e-05 0.668371
14940 10 2.24049 1.3 15.4 8.12e-05 0.669183
14950 10 2.24049 1.1 20.8 6.12e-05 0.669795
14960 10 2.24049 1.3 16.3 0.0001324 0.671119
14970 10 2.24049 1.1 16.6 0.0001 0.672119
14980 10 2.24049 1 11.3 3.67e-05 0.672486
14990 10 2.24049 1 20 8.58e-05 0.673344
15000 10 2.24049 1.5 25.5 0.0001419 0.674763
15010 10 2.24049 1.2 19.3 7.04e-05 0.675467
15020 10 2.24049 1.1 22.6 9.15e-05 0.676382
15030 10 2.24049 1 16.6 4.33e-05 0.676815
15040 10 2.24883 1.2 26.3 0.0001223 0.678038
15050 10 2.24883 1 11.5 5.16e-05 0.678554
15060 10 2.24883 1 22.8 6.53e-05 0.679207
15070 10 2.24883 1 14.4 4.47e-05 0.679654
15080 10 2.24883 1.2 17.6 9.3e-05 0.680584
15090 10 2.24883 1.4 18.7 0.0001605 0.682189
15100 10 2.25368 1 13.1 4e-05 0.682589
15110 10 2.25368 1.1 14.9 0.000123 0.683819
15120 10 2.25368 1 14.8 4.12e-05 0.684231
15130 10 2.25368 1 12.2 3.78e-05 0.684609
15140 10 2.25368 1 15.4 4.47e-05 0.685056
15150 10 2.26066 1.2 23.6 9.69e-05 0.686025
15160 10 2.26066 1.2 15.8 9.01e-05 0.686926
15170 10 2.26066 1.1 19.9 0.0001047 0.687973
15180 10 2.26066 1.2 18.8 0.0001093 0.689066
15190 10 2.26066 1.1 19.4 9.48e-05 0.690014
15200 10 2.26066 1.2 20.3 0.000101 0.691024
15210 10 2.26658 1 14.3 0.0001365 0.692389
15220 10 2.26658 1.1 15.4 8.47e-05 0.693236
15230 10 2.26658 1.2 23.3 0.0001256 0.694492
15240 10 2.26658 1.1 14 9.97e-05 0.695489
15250 10 2.26658 1.1 15.7 8.32e-05 0.696321
15260 10 2.26658 1.2 26.4 0.0001091 0.697412
15270 10 2.27555 1.1 29.3 0.0001045 0.698457
15280 10 2.27555 1 18.2 8.55e-05 0.699312
15290 10 2.27555 1.1 16.9 7.41e-05 0.700053
15300 10 2.27555 1 17.5 5.89e-05 0.700642
15310 10 2.27559 1 12.4 4.66e-05 0.701108
15320 10 2.27559 1.2 16.9 0.0002721 0.703829
15330 10 2.2816 1.2 19.3 0.0001251 0.70508
15340 10 2.2816 1.1 20.4 8.05e-05 0.705885
15350 10 2.2816 1.1 12.8 9.35e-05 0.70682
15360 10 2.2816 1 22.8 6.71e-05 0.707491
15370 10 2.28372 1.1 20.6 9.7e-05 0.708461
15380 10 2.29311 1 10.7 5.7e-05 0.709031
15390 10 2.29311 1.1 18.6 8.42e-05 0.709873
15400 10 2.29311 1.1 16.5 6.79e-05 0.710552
15410 10 2.29311 1.4 25.9 0.0001378 0.71193
15420 10 2.29311 1 19.7 5.11e-05 0.712441
15430 10 2.29311 1 24.2 8.27e-05 0.713268
15440 10 2.29933 1 18.7 6.28e-05 0.713896
15450 10 2.29933 1.2 16.8 0.0001127 0.715023
15460 10 2.29933 1.1 15.7 8.43e-05 0.715866
15470 10 2.29933 1.1 21.7 7.23e-05 0.716589
15480 10 2.29933 1 18.8 3.66e-05 0.716955
15490 10 2.29933 1 21.8 4.68e-05 0.717423
15500 10 2.29933 1 13.5 4.05e-05 0.717828
15510 10 2.29933 1 10.6 4.76e-05 0.718304
15520 10 2.30783 1.1 19.7 6.61e-05 0.718965
15530 10 2.30783 1.1 12 7.39e-05 0.719704
15540 10 2.30783 1.1 16.4 8.36e-05 0.72054
15550 10 2.30783 1.1 12.9 7.79e-05 0.721319
15560 10 2.30783 1 19.7 5.04e-05 0.721823
15570 10 2.30783 1 19.5 0.0001117 0.72294
15580 10 2.31678 1.1 17.3 8.68e-05 0.723808
15590 10 2.31678 1 20.7 7.26e-05 0.724534
15600 10 2.31678 1.1 18.4 6.55e-05 0.725189
15610 10 2.31678 1 16.6 8.02e-05 0.725991
15620 10 2.31678 1.2 22.8 8.89e-05 0.72688
15630 10 2.31678 1 15.2 5.57e-05 0.727437
15640 10 2.31678 1.2 21.6 0.0001157 0.728594
15650 10 2.31678 1 14.3 5.21e-05 0.729115
15660 10 2.31678 1.1 19.2 7.57e-05 0.729872
15670 10 2.31678 1.1 25.6 0.0001004 0.730876
15680 10 2.31678 1 17 7.41e-05 0.731617
15690 10 2.31678 1.1 19 7.23e-05 0.73234
15700 10 2.31678 1 16.2 5.09e-05 0.732849
15710 10 2.31678 1.1 19.1 8.84e-05 0.733733
15720 10 2.31678 1.1 12.9 5.02e-05 0.734235
15730 10 2.31678 1.2 26.8 0.0001326 0.735561
15740 10 2.31678 1.2 19.8 0.0001077 0.736638
15750 10 2.3256 1.4 22.9 0.0001347 0.737985
15760 10 2.3256 1.2 20.7 0.0001062 0.739047
15770 10 2.3256 1.1 19 6.43e-05 0.73969
15780 10 2.3256 1.1 16 8.55e-05 0.740545
15790 10 2.3256 1.1 21.2 7.82e-05 0.741327
15800 10 2.3256 1.1 14.5 8.5e-05 0.742177
15810 10 2.3256 1.1 17.5 7.15e-05 0.742892
15820 10 2.33328 1.1 11.8 0.0001008 0.7439
15830 10 2.33328 1.1 15.7 7.8e-05 0.74468
15840 10 2.33328 1.2 17.9 0.0001017 0.745697
15850 10 2.33328 1.3 18.6 0.0001926 0.747623
15860 10 2.33328 1.1 24.7 0.0001 0.748623
15870 10 2.33328 1.1 12.3 0.0001372 0.749995
15880 10 2.33328 1.2 14 0.000165 0.751645
15890 10 2.34122 1 14.8 3.94e-05 0.752039
15900 10 2.34122 1 20.9 5.34e-05 0.752573
15910 10 2.34122 1 16.4 4.17e-05 0.75299
15920 10 2.34122 1.1 14.4 9.62e-05 0.753952
15930 10 2.34982 1.2 16.1 6.57e-05 0.754609
15940 10 2.34982 1.1 22.5 9.85e-05 0.755594
15950 10 2.34982 1.1 18.7 5.62e-05 0.756156
15960 10 2.34982 1.1 18.1 7.4e-05 0.756896
15970 10 2.34982 1 16.9 9.47e-05 0.757843
15980 10 2.34982 1.1 25.7 0.0001475 0.759318
15990 10 2.34982 1.2 18.7 0.000127 0.760588
16000 10 2.34982 1 19.4 0.0001005 0.761593
16010 10 2.34982 1.2 30.2 0.0001147 0.76274
16020 10 2.34982 1.3 24.6 0.0001042 0.763782
16030 10 2.34982 1.3 20.4 0.0001215 0.764997
16040 10 2.34982 1.1 16.8 9.7e-05 0.765967
16050 10 2.34982 1 21 0.0001072 0.767039
16060 10 2.34982 1 22.3 8.6e-05 0.767899
16070 10 2.34982 1.1 16 8.51e-05 0.76875
16080 10 2.34982 1 19.4 7.22e-05 0.769472
16090 10 2.34982 1.1 20.1 9.29e-05 0.770401
16100 10 2.34982 1.2 19.9 9.97e-05 0.771398
16110 10 2.34982 1.3 23.4 0.000153 0.772928
16120 10 2.34982 1.2 20.5 9.03e-05 0.773831
16130 10 2.34982 1.1 18.3 8e-05 0.774631
16140 10 2.3539 1.2 21.4 0.0001143 0.775774
16150 10 2.3539 1 17.9 4.94e-05 0.776268
16160 10 2.3539 1 14.6 5.32e-05 0.7768
16170 10 2.36159 1.2 17.2 9.52e-05 0.777752
16180 10 2.36159 1.2 19.7 0.0001182 0.778934
16190 10 2.36159 1.1 18 8.88e-05 0.779822
16200 10 2.36159 1 27.6 7.15e-05 0.780537
16210 10 2.3703 1.1 22.2 9.11e-05 0.781448
16220 10 2.3703 1.1 22.6 0.0001144 0.782592
16230 10 2.3703 1.2 13.8 0.0001184 0.783776
16240 10 2.3703 1 17.1 5.99e-05 0.784375
16250 10 2.3703 1 13.7 8.54e-05 0.785229
16260 10 2.3703 1.1 26.1 0.0001131 0.78636
16270 10 2.3703 1.1 24.1 0.0001309 0.787669
16280 10 2.3703 1.2 21.1 6.04e-05 0.788273
16290 10 2.3703 1 16.6 7.29e-05 0.789002
16300 10 2.3703 1 16.8 6.16e-05 0.789618
16310 10 2.3703 1 16.3 5.34e-05 0.790152
16320 10 2.37726 1.1 16.3 9.4e-05 0.791092
16330 10 2.37726 1 22.7 8.32e-05 0.791924
16340 10 2.37726 1.1 15.1 7.56e-05 0.79268
16350 10 2.37726 1.3 17.8 0.0001399 0.794079
16360 10 2.37726 1.1 18.6 0.0001232 0.795311
16370 10 2.37726 1.1 16.2 0.0001058 0.796369
16380 10 2.37726 1.2 19.9 0.0001023 0.797392
16390 10 2.37726 1 14.6 4.93e-05 0.797885
16400 10 2.37965 1 19.3 8.9e-05 0.798775
16410 10 2.37965 1.3 31 0.0001522 0.800297
16420 10 2.37965 1.1 20 8.84e-05 0.801181
16430 10 2.37965 1 13.4 5.15e-05 0.801696
16440 10 2.37965 1 16.6 5.09e-05 0.802205
16450 10 2.37965 1 21.8 5.86e-05 0.802791
16460 10 2.3846 1.1 22.9 0.00011 0.803891
16470 10 2.3846 1.4 20.8 0.0001495 0.805386
16480 10 2.3846 1 15 5.56e-05 0.805942
16490 10 2.3846 1.1 13.9 0.0001362 0.807304
16500 10 2.38994 1.1 28.8 0.0001749 0.809053
16510 10 2.39249 1 15.1 7.65e-05 0.809818
16520 10 2.39475 1.1 22.5 0.0001072 0.81089
16530 10 2.39475 1.2 21 0.0001509 0.812399
16540 10 2.39475 1.2 19.7 0.0001031 0.81343
16550 10 2.39475 1 27.1 9.52e-05 0.814382
16560 10 2.39475 1 21.6 9.44e-05 0.815326
16570 10 2.39475 1.3 22.7 0.0001618 0.816944
16580 10 2.39475 1 14.6 5.75e-05 0.817519
16590 10 2.39475 1.4 19.9 0.0001409 0.818928
16600 10 2.39475 1.2 17.2 8.63e-05 0.819791
16610 10 2.39475 1.3 23.8 0.0001379 0.82117
16620 10 2.39475 1 22 7.49e-05 0.821919
16630 10 2.39475 1 12.4 6.84e-05 0.822603
16640 10 2.4015 1.1 19.7 0.0001001 0.823604
16650 10 2.4015 1.1 23.9 8.34e-05 0.824438
16660 10 2.4015 1 17 9.99e-05 0.825437
16670 10 2.4015 1.1 20.8 6.75e-05 0.826112
16680 10 2.4015 1.1 25.4 0.0001043 0.827155
16690 10 2.4015 1.2 18.2 0.0001182 0.828337
16700 10 2.4015 1 20.8 9.32e-05 0.829269
16710 10 2.4015 1 14.9 5.13e-05 0.829782
16720 10 2.4015 1.1 18.8 8.49e-05 0.830631
16730 10 2.4015 1.1 18 6.76e-05 0.831307
16740 10 2.4015 1.1 17.5 0.0001027 0.832334
16750 10 2.4015 1.1 20.1 6.31e-05 0.832965
16760 10 2.4015 1 12.3 5.57e-05 0.833522
16770 10 2.4015 1 19.8 0.0002658 0.83618
16780 10 2.4015 1.1 16.1 0.0001212 0.837392
16790 10 2.4015 1.2 20.8 0.0001505 0.838897
16800 10 2.4015 1 19.2 5.07e-05 0.839404
16810 10 2.4015 1.2 20.1 0.0001277 0.840681
16820 10 2.4015 1 22.5 6.03e-05 0.841284
16830 10 2.40955 1 17 4.51e-05 0.841735
16840 10 2.40955 1 20.8 6.57e-05 0.842392
16850 10 2.41173 1 13.1 4e-05 0.842792
16860 10 2.41173 1.2 20.1 0.0001296 0.844088
16870 10 2.41173 1 16.9 8.88e-05 0.844976
16880 10 2.41173 1.2 16.7 0.0001082 0.846058
16890 10 2.41173 1.2 19.8 0.000166 0.847718
16900 10 2.41173 1.1 14.6 0.000104 0.848758
16910 10 2.41173 1.1 13.3 9.24e-05 0.849682
16920 10 2.41173 1.3 19.7 0.000126 0.850942
16930 10 2.41173 1.2 21.1 0.0001151 0.852093
16940 10 2.41973 1 13.9 5.98e-05 0.852691
16950 10 2.41973 1.1 20.8 0.0001091 0.853782
16960 10 2.41973 1 11.1 8.46e-05 0.854628
16970 10 2.41973 1.1 20.6 0.0001226 0.855854
16980 10 2.41973 1.1 18.8 6.29e-05 0.856483
16990 10 2.41973 1 19.7 6.8e-05 0.857163
17000 10 2.42882 1.4 24.9 0.000157 0.858733
17010 10 2.42882 1.2 21 0.0001334 0.860067
17020 10 2.42882 1.1 18.6 7.65e-05 0.860832
17030 10 2.42882 1 14.3 6.74e-05 0.861506
17040 10 2.42882 1 10.7 3.83e-05 0.861889
17050 10 2.42882 1.2 22.1 0.0001016 0.862905
17060 10 2.42882 1.1 20.6 9.77e-05 0.863882
17070 10 2.42882 1 12.8 6.12e-05 0.864494
17080 10 2.42882 1.2 20 0.0001025 0.865519
17090 10 2.42882 1.1 19.9 0.0001028 0.866547
17100 10 2.42882 1.3 16.8 0.0001286 0.867833
17110 10 2.42882 1 13.6 5.32e-05 0.868365
17120 10 2.42882 1 13.3 6.44e-05 0.869009
17130 10 2.42882 1 18.8 6.83e-05 0.869692
17140 10 2.42882 1 13.5 9.3e-05 0.870622
17150 10 2.43738 1.2 20.1 7.77e-05 0.871399
17160 10 2.43738 1.1 21.5 9.94e-05 0.872393
17170 10 2.43738 1.1 15.1 8.61e-05 0.873254
17180 10 2.43738 1.1 14.6 0.0001167 0.874421
17190 10 2.43738 1 24.3 6.49e-05 0.87507
17200 10 2.43738 1.2 19.1 0.0001008 0.876078
17210 10 2.43738 1 20.2 6.48e-05 0.876726
17220 10 2.43738 1.1 20.6 8.73e-05 0.877599
17230 10 2.43738 1.1 19.6 0.0001349 0.878948
17240 10 2.43738 1.2 13 0.000102 0.879968
17250 10 2.43738 1.1 19.9 0.0001418 0.881386
17260 10 2.43738 1.1 18.1 0.0001067 0.882453
17270 10 2.43738 1.3 16 0.000164 0.884093
17280 10 2.43738 1.1 20.2 0.0001404 0.885497
17290 10 2.43738 1.1 16.2 8.82e-05 0.886379
17300 10 2.43738 1.1 20.3 0.0001479 0.887858
17310 10 2.44432 1.2 18.7 0.0001475 0.889333
17320 10 2.44432 1.2 19.3 0.0001779 0.891112
17330 10 2.44623 1.2 19.4 0.0001736 0.892848
17340 10 2.44623 1.1 19.2 0.0001413 0.894261
17350 10 2.44986 1.3 18.7 0.000135 0.895611
17360 10 2.44986 1 18.6 7.53e-05 0.896364
17370 10 2.44986 1 14.3 6.52e-05 0.897016
17380 10 2.45095 1.1 21.7 8.57e-05 0.897873
17390 10 2.45095 1 17.7 6.15e-05 0.898488
17400 10 2.45095 1 10.1 5.69e-05 0.899057
17410 10 2.45095 1.1 13.6 7.92e-05 0.899849
17420 10 2.45095 1.2 16.4 8.8e-05 0.900729
17430 10 2.45095 1.1 15.6 0.0001097 0.901826
17440 10 2.45095 1.5 20.9 0.0001418 0.903244
17450 10 2.45647 1.1 19.2 6.85e-05 0.903929
17460 10 2.45647 1.1 19.5 0.0001034 0.904963
17470 10 2.45647 1 13 4.82e-05 0.905445
17480 10 2.45647 1.1 19.9 0.0003187 0.908632
17490 10 2.46569 1.1 23 0.000145 0.910082
17500 10 2.46569 1 17.4 0.0001552 0.911634
17510 10 2.46569 1.1 17.7 8.52e-05 0.912486
17520 10 2.46569 1 21 9.65e-05 0.913451
17530 10 2.46569 1.1 17.9 0.0002008 0.915459
17540 10 2.47167 1 17.3 7.28e-05 0.916187
17550 10 2.47167 1 16.2 0.0001115 0.917302
17560 10 2.476 1.3 19.5 0.0001398 0.9187
17570 10 2.476 1.1 17.4 9.53e-05 0.919653
17580 10 2.476 1 16.3 5.85e-05 0.920238
17590 10 2.476 1 20 0.0001045 0.921283
17600 10 2.476 1.3 20.6 0.0001371 0.922654
17610 10 2.47978 1.2 14.9 0.0001223 0.923877
17620 10 2.47978 1 18.8 5.14e-05 0.924391
17630 10 2.47978 1.1 23.5 7.9e-05 0.925181
17640 10 2.47978 1.2 15.8 0.000107 0.926251
17650 10 2.47978 1.1 22 0.0001225 0.927476
17660 10 2.47978 1 15.1 5.28e-05 0.928004
17670 10 2.47978 1 21.5 5.68e-05 0.928572
17680 10 2.47978 1.1 24.4 7.29e-05 0.929301
17690 10 2.47978 1.2 17.9 0.0001376 0.930677
17700 10 2.47978 1 14.9 9.07e-05 0.931584
17710 10 2.47978 1.2 18.4 0.000123 0.932814
17720 10 2.47978 1 19.9 7.87e-05 0.933601
17730 10 2.47978 1 17.4 5.06e-05 0.934107
17740 10 2.47978 1 17 8e-05 0.934907
17750 10 2.47978 1.3 17.1 0.0001251 0.936158
17760 10 2.47978 1 22.2 9.91e-05 0.937149
17770 10 2.48379 1 21.5 5.69e-05 0.937718
17780 10 2.48379 1.2 20.5 8.43e-05 0.938561
17790 10 2.48379 1.1 23.7 0.0001085 0.939646
17800 10 2.49287 1 17.2 5.79e-05 0.940225
17810 10 2.50148 1.1 21.4 0.0001013 0.941238
17820 10 2.5077 1.1 19.6 0.0001162 0.9424
17830 10 2.5077 1 20.1 4.76e-05 0.942876
17840 10 2.5077 1 13.5 7.98e-05 0.943674
17850 10 2.5077 1.3 19 0.0001762 0.945436
17860 10 2.5077 1.2 17.4 0.0001903 0.947339
17870 10 2.5077 1.1 18.9 0.0001399 0.948738
17880 10 2.5097 1.1 15.8 0.0001341 0.950079
17890 10 2.5097 1.1 16.4 0.0001225 0.951304
17900 10 2.5097 1.2 14.5 0.0001465 0.952769
17910 10 2.5097 1 14.4 7.55e-05 0.953524
17920 10 2.5097 1.1 17.1 9.56e-05 0.95448
17930 10 2.5097 1.1 17.5 9.35e-05 0.955415
17940 10 2.5097 1.1 20.2 0.0001251 0.956666
17950 10 2.5157 1.2 19.7 6.13e-05 0.957279
17960 10 2.5157 1 20.3 6.42e-05 0.957921
17970 10 2.5157 1.1 15.4 0.0001422 0.959343
17980 10 2.5157 1 18.5 6.71e-05 0.960014
17990 10 2.5157 1 14.7 7.35e-05 0.960749
18000 10 2.5157 1.1 19.4 0.0001333 0.962082
18010 10 2.5221 1.1 14.9 0.0001277 0.963359
18020 10 2.5221 1.1 15.9 7.28e-05 0.964087
18030 10 2.5221 1.1 20.2 0.0001044 0.965131
18040 10 2.5221 1 18 7.64e-05 0.965895
18050 10 2.5221 1.1 13 0.0001154 0.967049
18060 10 2.5221 1.1 19 0.0001006 0.968055
18070 10 2.5221 1.2 20.9 0.000149 0.969545
18080 10 2.5221 1.1 15.2 0.0001233 0.970778
18090 10 2.5221 1 17.2 6.14e-05 0.971392
18100 10 2.5221 1.1 19.6 0.0001012 0.972404
18110 10 2.5221 1 14.1 6.68e-05 0.973072
18120 10 2.53039 1.2 20.9 0.0001231 0.974303
18130 10 2.53039 1.1 19.6 8.65e-05 0.975168
18140 10 2.53039 1 21.1 8.06e-05 0.975974
18150 10 2.53039 1 14.4 9.83e-05 0.976957
18160 10 2.53039 1 20.7 8.75e-05 0.977832
18170 10 2.53726 1 15.3 0.0002115 0.979947
18180 10 2.53726 1 17.5 0.0001252 0.981199
18190 10 2.53726 1 18.4 8.48e-05 0.982047
18200 10 2.53726 1 10 4.52e-05 0.982499
18210 10 2.53726 1 24.7 6.06e-05 0.983105
18220 10 2.53726 1.2 19.3 0.0001269 0.984374
18230 10 2.53726 1.1 15.4 0.000115 0.985524
18240 10 2.53726 1 13.3 7.2e-05 0.986244
18250 10 2.54518 1.2 20 0.0001926 0.98817
18260 10 2.54518 1 12.4 4.49e-05 0.988619
18270 10 2.54518 1.3 21 0.0002033 0.990652
18280 10 2.54518 1 17.2 7.81e-05 0.991433
18290 10 2.54518 1 14.2 5.4e-05 0.991973
18300 10 2.54518 1.2 22.1 0.0001028 0.993001
18310 10 2.54518 1.2 19 0.0001327 0.994328
18320 10 2.54518 1.3 18.7 0.0001649 0.995977
18330 10 2.54518 1 20 6.11e-05 0.996588
18340 10 2.54518 1.1 20.2 6.71e-05 0.997259
18350 10 2.54518 1.2 26.1 0.0001327 0.998586
18360 10 2.54518 1.1 17.7 0.0001089 0.999675
18370 10 2.54518 1 16.7 6.92e-05 1.00037
18380 10 2.54518 1.1 14.6 0.0001561 1.00193
18390 10 2.54518 1 21.2 7.98e-05 1.00273
18400 10 2.5511 1 15.1 6.08e-05 1.00333
18410 10 2.5511 1.4 21.3 0.0001214 1.00455
18420 10 2.5511 1 12.4 5.88e-05 1.00514
18430 10 2.5511 1.1 22.8 0.0001019 1.00616
18440 10 2.5511 1.1 22.4 8.57e-05 1.00701
18450 10 2.5511 1 16.9 4.45e-05 1.00746
18460 10 2.5511 1.1 21.3 0.0001244 1.0087
18470 10 2.5511 1.1 23.1 7.72e-05 1.00947
18480 10 2.5511 1.1 16.1 0.000103 1.0105
18490 10 2.5511 1 17.2 6.85e-05 1.01119
18500 10 2.5511 1.2 22.4 0.0001394 1.01258
18510 10 2.5511 1.2 23.9 0.0001087 1.01367
18520 10 2.5511 1.2 20.9 0.0001579 1.01525
18530 10 2.5511 1.1 24.6 0.0001087 1.01634
18540 10 2.5511 1 16.2 7.04e-05 1.01704
18550 10 2.5511 1 20.5 7.11e-05 1.01775
18560 10 2.5511 1.2 21.6 0.0001495 1.01925
18570 10 2.5511 1.4 29.6 0.0001053 1.0203
18580 10 2.5511 1.2 14.1 9.63e-05 1.02126
18590 10 2.5511 1.1 18.4 0.0001234 1.0225
18600 10 2.5511 1.1 18.2 0.0001043 1.02354
18610 10 2.5511 1.4 13.4 0.0001617 1.02516
18620 10 2.5511 1 16.9 7.8e-05 1.02594
18630 10 2.5511 1.1 20.9 0.0001221 1.02716
18640 10 2.5511 1.1 11.1 5.69e-05 1.02773
18650 10 2.5511 1.1 20.4 5.82e-05 1.02831
18660 10 2.5511 1 15.7 5.3e-05 1.02884
18670 10 2.5511 1.3 19.8 0.000144 1.03028
18680 10 2.5511 1.2 18 0.0001724 1.032
18690 10 2.5511 1.1 16.6 0.0001107 1.03311
18700 10 2.5511 1 29.1 5.86e-05 1.03369
18710 10 2.5511 1.1 18.4 7.02e-05 1.0344
18720 10 2.5511 1.1 14.3 0.0001096 1.03549
18730 10 2.5511 1 13.4 4.09e-05 1.0359
18740 10 2.5511 1.4 22.6 0.0001595 1.0375
18750 10 2.55331 1.1 12.1 0.0001029 1.03853
18760 10 2.55331 1.3 25.5 0.000151 1.04004
18770 10 2.55331 1.1 12.8 5.77e-05 1.04061
18780 10 2.55331 1.3 18.3 0.0001133 1.04175
18790 10 2.55331 1.1 19.5 0.0001238 1.04298
18800 10 2.55331 1.1 21.9 0.0001379 1.04436
18810 10 2.55331 1.1 24.5 0.0001438 1.0458
18820 10 2.55331 1.1 18.9 0.00011 1.0469
18830 10 2.55331 1 19.3 7.74e-05 1.04767
18840 10 2.55331 1.3 21.1 0.0001356 1.04903
18850 10 2.55331 1.1 17.4 0.0003383 1.05241
18860 10 2.55331 1.1 15.6 0.0001608 1.05402
18870 10 2.55331 1.2 15.9 0.0001294 1.05532
18880 10 2.55331 1.2 20.5 0.000156 1.05688
18890 10 2.55331 1.1 25.5 8.28e-05 1.0577
18900 10 2.55331 1.1 25.1 9.06e-05 1.05861
18910 10 2.55331 1 16.2 5.2e-05 1.05913
18920 10 2.55331 1 16.4 5.77e-05 1.05971
18930 10 2.55331 1.2 13.1 0.0001209 1.06092
18940 10 2.55331 1 12 5.36e-05 1.06145
18950 10 2.55331 1.2 23.7 0.0001234 1.06269
18960 10 2.55722 1.2 17.5 0.0001096 1.06378
18970 10 2.55722 1 16.2 5.23e-05 1.0643
18980 10 2.55722 1 12.3 5.68e-05 1.06487
18990 10 2.55722 1 24.7 6.22e-05 1.06549
19000 10 2.55722 1.3 23.6 0.0001263 1.06676
19010 10 2.55722 1.1 19.5 0.0001083 1.06784
19020 10 2.55722 1.1 24.7 7.94e-05 1.06863
19030 10 2.55722 1.2 20.2 0.0001197 1.06983
19040 10 2.55722 1.1 15.1 9.85e-05 1.07082
19050 10 2.56101 1.2 22.3 0.0001214 1.07203
19060 10 2.56101 1 14.8 7.31e-05 1.07276
19070 10 2.56101 1.2 20.1 0.0001518 1.07428
19080 10 2.56101 1.3 24 0.0001663 1.07594
19090 10 2.56101 1.2 16.8 0.0001169 1.07711
19100 10 2.56101 1 12.9 6.44e-05 1.07776
19110 10 2.56101 1 18.2 7.28e-05 1.07848
19120 10 2.56101 1 11.8 4.81e-05 1.07896
19130 10 2.56101 1.3 23.7 0.0001876 1.08084
19140 10 2.56101 1 20.6 6.24e-05 1.08146
19150 10 2.56611 1.1 20.1 0.0002416 1.08388
19160 10 2.56611 1 14.8 4.52e-05 1.08433
19170 10 2.57285 1 18.6 6.17e-05 1.08495
19180 10 2.57285 1.1 15.6 0.0001044 1.08599
19190 10 2.57285 1.4 22 0.0001661 1.08765
19200 10 2.57285 1.1 22.9 7.37e-05 1.08839
19210 10 2.57285 1 16.3 5.98e-05 1.08899
19220 10 2.57285 1.4 20.6 0.0001747 1.09074
19230 10 2.58223 1.3 13.7 0.0001445 1.09218
19240 10 2.58223 1.2 19.7 0.000159 1.09377
19250 10 2.58223 1.1 20.1 0.0001734 1.09551
19260 10 2.58223 1.1 20.6 9.82e-05 1.09649
19270 10 2.58223 1.2 24.1 0.0002271 1.09876
19280 10 2.59132 1 29.5 7.95e-05 1.09955
19290 10 2.59839 1.2 20.7 0.0001335 1.10089
19300 10 2.59839 1 13.8 6.11e-05 1.1015
19310 10 2.59839 1.2 23.2 0.000146 1.10296
19320 10 2.59839 1.1 16.6 7.08e-05 1.10367
19330 10 2.59839 1 25.7 0.0001188 1.10486
19340 10 2.59839 1.3 28.6 0.0001875 1.10673
19350 10 2.59839 1 16.8 7.07e-05 1.10744
19360 10 2.59839 1.1 15.9 7.44e-05 1.10818
19370 10 2.59839 1.1 16.8 0.0001049 1.10923
19380 10 2.59839 1.2 24.9 0.000139 1.11062
19390 10 2.59839 1.3 22.1 0.0001104 1.11172
19400 10 2.60611 1 13.9 5.02e-05 1.11223
19410 10 2.60611 1.1 21.5 0.0001022 1.11325
19420 10 2.60611 1.2 20.5 0.0001341 1.11459
19430 10 2.61523 1 17.3 8.06e-05 1.1154
19440 10 2.61523 1.1 13.8 9.83e-05 1.11638
19450 10 2.61523 1.3 18.8 0.0001305 1.11768
19460 10 2.61523 1.1 12.3 6.79e-05 1.11836
19470 10 2.62124 1.2 24.2 0.0001588 1.11995
19480 10 2.62124 1.2 19.3 0.0001808 1.12176
19490 10 2.62124 1.3 26.2 0.0001861 1.12362
19500 10 2.62124 1.3 18.6 0.0001521 1.12514
19510 10 2.62124 1 17.8 5.81e-05 1.12572
19520 10 2.62124 1.1 18.1 9.63e-05 1.12668
19530 10 2.62124 1.1 15.9 5.7e-05 1.12725
19540 10 2.62124 1.2 26.6 0.0001392 1.12865
19550 10 2.62124 1 19.6 7.69e-05 1.12942
19560 10 2.62124 1.1 21.8 0.0001255 1.13067
19570 10 2.62992 1 17.8 8.2e-05 1.13149
19580 10 2.62992 1.1 17.7 0.0001468 1.13296
19590 10 2.62992 1.2 26.6 8.87e-05 1.13385
19600 10 2.62992 1.2 24.6 0.0001938 1.13578
19610 10 2.62992 1 17.2 9.91e-05 1.13677
19620 10 2.62992 1 14.5 5.3e-05 1.1373
19630 10 2.62992 1 17.2 6.19e-05 1.13792
19640 10 2.62992 1 17.9 6.75e-05 1.1386
19650 10 2.62992 1.1 15.5 0.0001096 1.13969
19660 10 2.6352 1.2 15.7 0.0001386 1.14108
19670 10 2.6352 1.1 19.7 0.0001301 1.14238
19680 10 2.6352 1.1 19.9 0.0001145 1.14353
19690 10 2.64267 1.2 17.1 0.0001221 1.14475
19700 10 2.64267 1.1 17.9 0.0001247 1.14599
19710 10 2.64267 1.1 20.2 9.62e-05 1.14696
19720 10 2.64267 1.1 17.7 0.0001234 1.14819
19730 10 2.64398 1.1 19.6 0.0001021 1.14921
19740 10 2.64398 1.2 18.7 9.71e-05 1.15018
19750 10 2.64398 1.2 23.8 0.0001424 1.15161
19760 10 2.64398 1.1 17.3 7.94e-05 1.1524
19770 10 2.64398 1.1 18.6 7.03e-05 1.1531
19780 10 2.65288 1 16.8 7.72e-05 1.15388
19790 10 2.65288 1 15.3 8.22e-05 1.1547
19800 10 2.65288 1 28.9 5.62e-05 1.15526
19810 10 2.65408 1.2 18.8 0.0001491 1.15675
19820 10 2.65408 1.1 14.3 0.0001012 1.15776
19830 10 2.65408 1.1 21.4 0.0001167 1.15893
19840 10 2.65408 1.1 14.6 0.0001143 1.16007
19850 10 2.65408 1.1 19.2 0.0001268 1.16134
19860 10 2.65408 1.1 13.9 9.37e-05 1.16228
19870 10 2.65408 1 14.9 4.76e-05 1.16275
19880 10 2.65408 1.1 18.6 8.31e-05 1.16358
19890 10 2.65408 1.1 20.1 0.0001092 1.16468
19900 10 2.65408 1.1 19.2 0.0001396 1.16607
19910 10 2.65442 1 15.4 5.63e-05 1.16664
19920 10 2.66263 1.1 19.7 8.22e-05 1.16746
19930 10 2.66263 1 19.6 4.31e-05 1.16789
19940 10 2.66263 1.1 16 0.0001031 1.16892
19950 10 2.66263 1.1 17.8 0.0001207 1.17013
19960 10 2.66263 1.4 25.3 0.0001404 1.17153
19970 10 2.66263 1.1 21.2 0.0001329 1.17286
19980 10 2.66263 1.3 19.8 0.0001615 1.17447
19990 10 2.66263 1 14.5 6.63e-05 1.17514
20000 10 2.66263 1.1 19.9 0.0001102 1.17624
